SampleNr|Timestamp|Magn|x|y|z
0|1018936964644873|4.56|0.91|3.91|-2.18
1|1018936983555623|4.52|0.91|3.84|-2.20
2|1018937003739165|4.45|0.87|3.73|-2.26
3|1018937023984582|4.29|0.81|3.54|-2.29
4|1018937043564915|4.17|0.78|3.31|-2.40
5|1018937063696123|4.04|0.75|3.07|-2.53
6|1018937083534582|3.84|0.73|2.79|-2.54
7|1018937103534248|3.63|0.72|2.55|-2.49
8|1018937124033290|3.41|0.69|2.36|-2.37
9|1018937143544498|3.13|0.58|2.17|-2.19
10|1018937163538832|2.80|0.52|1.97|-1.93
11|1018937183677373|2.42|0.48|1.78|-1.57
12|1018937203706332|2.08|0.45|1.65|-1.19
13|1018937223571415|1.87|0.42|1.57|-0.93
14|1018937245094332|1.72|0.43|1.49|-0.73
15|1018937263545373|1.53|0.45|1.40|-0.44
16|1018937283750623|1.52|0.47|1.42|-0.26
17|1018937303864248|1.54|0.49|1.42|-0.33
18|1018937323586832|1.39|0.56|1.26|-0.17
19|1018937343576790|1.21|0.76|0.83|0.44
20|1018937363625707|1.58|0.92|0.31|1.24
21|1018937383730832|1.77|0.88|0.04|1.54
22|1018937403581998|1.35|0.71|0.02|1.15
23|1018937423742623|0.81|0.61|0.11|0.53
24|1018937443589998|0.57|0.55|0.08|0.14
25|1018937463573957|0.49|0.46|-0.11|0.15
26|1018937483746915|0.57|0.40|-0.29|0.30
27|1018937503586915|0.67|0.43|-0.40|0.31
28|1018937523567749|0.62|0.38|-0.47|0.16
29|1018937543801124|0.52|0.18|-0.49|-0.03
30|1018937563564790|0.52|-0.02|-0.47|-0.21
31|1018937583592749|0.60|-0.24|-0.45|-0.32
32|1018937604285790|0.73|-0.41|-0.40|-0.45
33|1018937624280374|0.88|-0.51|-0.34|-0.64
34|1018937644277457|1.04|-0.62|-0.26|-0.79
35|1018937664069540|1.14|-0.73|-0.18|-0.85
36|1018937683973790|1.11|-0.73|-0.10|-0.83
37|1018937703847832|1.00|-0.71|-0.05|-0.71
38|1018937724084207|0.83|-0.66|-0.04|-0.50
39|1018937744268957|0.69|-0.60|-0.01|-0.35
40|1018937764078124|0.54|-0.49|0.04|-0.22
41|1018937784259332|0.40|-0.39|0.09|-0.03
42|1018937804041665|0.37|-0.29|0.15|0.16
43|1018937823991749|0.49|-0.32|0.27|0.26
44|1018937844424749|0.76|-0.51|0.48|0.30
45|1018937864013290|0.93|-0.60|0.66|0.27
46|1018937883921749|0.94|-0.51|0.69|0.38
47|1018937903980624|0.90|-0.43|0.45|0.65
48|1018937923928207|1.08|-0.44|0.11|0.98
49|1018937944228582|1.19|-0.44|-0.13|1.10
50|1018937964601915|1.04|-0.43|-0.19|0.92
51|1018937984274040|0.74|-0.37|-0.14|0.63
52|1018938003791165|0.49|-0.30|-0.08|0.38
53|1018938024040874|0.33|-0.24|-0.10|0.21
54|1018938044371082|0.28|-0.22|-0.15|0.09
55|1018938064882790|0.29|-0.20|-0.21|-0.01
56|1018938085426249|0.35|-0.19|-0.27|-0.13
57|1018938104955624|0.46|-0.20|-0.33|-0.25
58|1018938124283332|0.59|-0.23|-0.41|-0.35
59|1018938144408124|0.70|-0.26|-0.49|-0.44
60|1018938164497165|0.81|-0.28|-0.51|-0.57
61|1018938186808249|0.94|-0.30|-0.48|-0.76
62|1018938205990499|1.11|-0.30|-0.45|-0.97
63|1018938225536249|1.20|-0.24|-0.42|-1.10
64|1018938244349166|1.17|-0.17|-0.42|-1.08
65|1018938264643416|1.06|-0.11|-0.40|-0.98
66|1018938286095416|0.95|-0.09|-0.33|-0.88
67|1018938304433874|0.69|-0.03|-0.19|-0.66
68|1018938324469832|0.30|0.08|-0.06|-0.29
69|1018938344462791|0.18|0.18|0.04|0.04
70|1018938364509916|0.36|0.16|0.15|0.28
71|1018938384481832|0.53|0.04|0.28|0.45
72|1018938405432541|0.63|-0.00|0.38|0.49
73|1018938424444749|0.68|0.01|0.47|0.49
74|1018938444436957|0.67|0.09|0.38|0.54
75|1018938464356582|0.83|0.22|0.11|0.79
76|1018938484457707|1.16|0.26|-0.15|1.12
77|1018938504453416|1.30|0.19|-0.27|1.26
78|1018938524448082|1.17|0.03|-0.20|1.15
79|1018938544568166|0.93|-0.07|-0.10|0.92
80|1018938564252541|0.68|-0.00|-0.05|0.68
81|1018938584440791|0.45|0.22|-0.01|0.39
82|1018938605346166|0.50|0.50|0.02|0.07
83|1018938625346166|0.61|0.60|-0.01|-0.14
84|1018938633468624|0.74|0.67|-0.04|-0.30
85|1018938645618041|0.75|0.63|-0.17|-0.36
86|1018938664022082|0.80|0.58|-0.33|-0.45
87|1018938684319749|0.94|0.55|-0.43|-0.63
88|1018938706270166|1.12|0.47|-0.50|-0.89
89|1018938724120041|1.34|0.28|-0.53|-1.20
90|1018938744027957|1.60|0.10|-0.50|-1.51
91|1018938764151707|1.79|-0.05|-0.43|-1.73
92|1018938784709957|1.82|-0.17|-0.36|-1.77
93|1018938804463874|1.71|-0.26|-0.32|-1.66
94|1018938824250749|1.46|-0.29|-0.34|-1.39
95|1018938844981624|1.13|-0.33|-0.40|-1.00
96|1018938864394749|0.76|-0.42|-0.39|-0.49
97|1018938884204541|0.64|-0.56|-0.31|0.07
98|1018938904423207|0.87|-0.64|-0.15|0.56
99|1018938926938833|1.11|-0.70|0.12|0.84
100|1018938944508749|1.36|-0.83|0.51|0.95
101|1018938964300999|1.63|-0.94|0.92|0.96
102|1018938984380041|1.81|-0.76|1.01|1.29
103|1018939004643291|2.06|-0.48|0.59|1.92
104|1018939025475458|2.43|-0.34|0.01|2.40
105|1018939044422041|2.48|-0.42|-0.30|2.42
106|1018939064044208|2.21|-0.48|-0.44|2.11
107|1018939083848374|1.81|-0.42|-0.46|1.70
108|1018939104132583|1.32|-0.30|-0.38|1.22
109|1018939123969791|0.75|-0.14|-0.26|0.69
110|1018939144555833|0.28|-0.01|-0.18|0.21
111|1018939164097999|0.22|0.03|-0.21|-0.08
112|1018939183878166|0.38|0.04|-0.32|-0.21
113|1018939204035041|0.52|0.05|-0.42|-0.29
114|1018939224530916|0.67|0.15|-0.52|-0.40
115|1018939245378583|0.83|0.23|-0.56|-0.57
116|1018939264212541|1.00|0.24|-0.56|-0.80
117|1018939284304666|1.19|0.26|-0.53|-1.03
118|1018939304361249|1.37|0.29|-0.46|-1.26
119|1018939324313083|1.48|0.32|-0.35|-1.41
120|1018939344437666|1.53|0.36|-0.23|-1.47
121|1018939364584833|1.53|0.35|-0.07|-1.49
122|1018939384742374|1.36|0.31|0.07|-1.32
123|1018939404834374|0.99|0.31|0.15|-0.93
124|1018939424324374|0.58|0.31|0.18|-0.46
125|1018939444320583|0.37|0.30|0.21|-0.06
126|1018939464603874|0.43|0.21|0.33|0.19
127|1018939483963833|0.57|0.12|0.50|0.24
128|1018939503924749|0.69|0.19|0.58|0.31
129|1018939524083666|0.82|0.30|0.38|0.67
130|1018939543803416|1.35|0.30|0.01|1.32
131|1018939563694249|1.87|0.24|-0.27|1.84
132|1018939583850999|1.85|0.09|-0.26|1.83
133|1018939603711874|1.52|0.01|-0.13|1.52
134|1018939623770541|1.11|0.06|-0.08|1.11
135|1018939644021291|0.76|0.18|-0.05|0.74
136|1018939664068041|0.48|0.28|-0.01|0.39
137|1018939683694291|0.35|0.34|0.04|0.07
138|1018939703851041|0.37|0.35|0.00|-0.12
139|1018939723700583|0.39|0.30|-0.12|-0.22
140|1018939744039166|0.45|0.17|-0.21|-0.36
141|1018939763972125|0.58|0.06|-0.24|-0.53
142|1018939783693416|0.75|-0.03|-0.24|-0.71
143|1018939803998541|1.03|-0.10|-0.19|-1.01
144|1018939824048416|1.34|-0.22|-0.09|-1.32
145|1018939845100791|1.49|-0.27|0.01|-1.47
146|1018939867065708|1.44|-0.22|0.04|-1.42
147|1018939885756458|1.32|-0.10|0.07|-1.31
148|1018939904472458|1.05|-0.01|0.06|-1.05
149|1018939924331875|0.64|-0.00|0.07|-0.63
150|1018939944393416|0.28|0.03|0.18|-0.21
151|1018939964967083|0.40|0.12|0.29|0.26
152|1018939986156166|0.69|0.03|0.47|0.51
153|1018940004458916|0.92|-0.18|0.74|0.51
154|1018940024416666|1.06|-0.22|0.92|0.49
155|1018940044316833|1.13|-0.11|0.88|0.71
156|1018940064586000|1.10|-0.08|0.59|0.93
157|1018940085020916|1.15|-0.20|0.23|1.11
158|1018940104351750|1.24|-0.37|-0.01|1.19
159|1018940124678916|1.24|-0.48|-0.14|1.13
160|1018940144270541|1.09|-0.47|-0.23|0.96
161|1018940164526625|0.84|-0.44|-0.22|0.67
162|1018940184391708|0.60|-0.38|-0.21|0.41
163|1018940204560125|0.45|-0.28|-0.24|0.25
164|1018940224277208|0.42|-0.20|-0.34|0.15
165|1018940244492791|0.47|-0.13|-0.45|0.02
166|1018940264150125|0.55|-0.06|-0.51|-0.19
167|1018940284627375|0.71|-0.01|-0.51|-0.49
168|1018940306674791|0.94|0.00|-0.43|-0.84
169|1018940324623750|1.24|0.01|-0.33|-1.19
170|1018940344058458|1.41|0.02|-0.24|-1.39
171|1018940364568458|1.45|0.08|-0.19|-1.43
172|1018940384483250|1.43|0.17|-0.12|-1.41
173|1018940404451042|1.31|0.24|-0.06|-1.29
174|1018940424577500|1.07|0.28|-0.00|-1.03
175|1018940445333417|0.75|0.29|0.05|-0.70
176|1018940464261083|0.40|0.29|0.08|-0.27
177|1018940485434667|0.29|0.23|0.15|0.09
178|1018940503996292|0.48|0.15|0.22|0.40
179|1018940524096333|0.80|0.03|0.35|0.72
180|1018940544226083|0.96|0.01|0.49|0.82
181|1018940564015250|0.98|0.14|0.65|0.72
182|1018940584240500|0.99|0.34|0.58|0.73
183|1018940604507167|1.10|0.50|0.29|0.93
184|1018940625670375|1.22|0.49|0.05|1.11
185|1018940644536750|1.02|0.33|0.03|0.96
186|1018940665204417|0.66|0.17|0.09|0.64
187|1018940684492792|0.38|0.10|0.10|0.36
188|1018940704460750|0.28|0.14|0.05|0.24
189|1018940725507250|0.35|0.27|-0.02|0.22
190|1018940744944542|0.44|0.37|-0.10|0.21
191|1018940765552667|0.41|0.35|-0.16|0.13
192|1018940784448750|0.30|0.22|-0.19|-0.04
193|1018940804033167|0.33|0.10|-0.21|-0.23
194|1018940824457917|0.46|0.02|-0.20|-0.41
195|1018940844595833|0.72|-0.06|-0.15|-0.70
196|1018940864667750|1.06|-0.16|-0.07|-1.05
197|1018940884171750|1.35|-0.21|0.03|-1.33
198|1018940904483917|1.46|-0.19|0.12|-1.44
199|1018940924718292|1.45|-0.14|0.19|-1.43
200|1018940944566750|1.30|-0.08|0.22|-1.28
201|1018940964527500|0.96|-0.05|0.17|-0.95
202|1018940984839792|0.52|-0.10|0.11|-0.50
203|1018941004291542|0.23|-0.17|0.14|-0.07
204|1018941024729167|0.44|-0.15|0.17|0.37
205|1018941044608792|0.77|-0.16|0.23|0.72
206|1018941064547917|0.95|-0.29|0.47|0.78
207|1018941084553959|1.16|-0.46|0.80|0.70
208|1018941104468542|1.29|-0.42|1.02|0.67
209|1018941124663667|1.30|-0.22|0.97|0.84
210|1018941146294417|1.23|-0.02|0.60|1.07
211|1018941165933459|1.27|-0.02|0.16|1.26
212|1018941184554292|1.27|-0.18|-0.07|1.26
213|1018941204497959|1.17|-0.30|-0.19|1.11
214|1018941224426542|0.97|-0.35|-0.24|0.87
215|1018941244848792|0.69|-0.32|-0.22|0.57
216|1018941266594792|0.38|-0.22|-0.17|0.26
217|1018941284502000|0.23|-0.14|-0.18|-0.03
218|1018941304231250|0.34|-0.09|-0.25|-0.21
219|1018941324472209|0.49|-0.07|-0.37|-0.31
220|1018941345686625|0.63|-0.06|-0.48|-0.40
221|1018941364454209|0.79|-0.07|-0.53|-0.58
222|1018941384682542|0.98|-0.04|-0.54|-0.81
223|1018941404475084|1.17|0.01|-0.53|-1.04
224|1018941424263125|1.38|0.04|-0.49|-1.29
225|1018941444408334|1.55|0.05|-0.39|-1.50
226|1018941464726917|1.62|0.07|-0.32|-1.58
227|1018941484492500|1.56|0.15|-0.28|-1.53
228|1018941504490834|1.42|0.23|-0.23|-1.38
229|1018941524682625|1.23|0.28|-0.18|-1.18
230|1018941544750375|1.01|0.27|-0.12|-0.96
231|1018941564840125|0.75|0.25|-0.03|-0.71
232|1018941584484875|0.48|0.29|0.08|-0.37
233|1018941604723042|0.35|0.30|0.17|0.02
234|1018941624484834|0.59|0.19|0.38|0.40
235|1018941644842250|0.87|0.18|0.59|0.61
236|1018941664130792|1.07|0.22|0.74|0.74
237|1018941685129375|1.16|0.29|0.62|0.94
238|1018941704569667|1.37|0.38|0.28|1.29
239|1018941724238084|1.55|0.34|0.01|1.51
240|1018941744541042|1.31|0.16|0.05|1.30
241|1018941764628667|0.90|0.05|0.18|0.88
242|1018941785096001|0.57|0.07|0.22|0.52
243|1018941805968334|0.45|0.22|0.16|0.36
244|1018941824515334|0.53|0.41|0.09|0.33
245|1018941844563001|0.62|0.54|-0.00|0.31
246|1018941864635001|0.57|0.53|-0.10|0.20
247|1018941887412792|0.45|0.40|-0.21|0.03
248|1018941905015292|0.40|0.24|-0.31|-0.07
249|1018941924811917|0.44|0.11|-0.40|-0.16
250|1018941944583709|0.59|-0.03|-0.43|-0.40
251|1018941964622501|0.85|-0.15|-0.37|-0.75
252|1018941985908251|1.15|-0.22|-0.28|-1.09
253|1018942004545792|1.36|-0.30|-0.17|-1.32
254|1018942025092459|1.44|-0.34|-0.10|-1.40
255|1018942044422084|1.32|-0.30|-0.09|-1.29
256|1018942064403542|1.04|-0.23|-0.14|-1.01
257|1018942084877251|0.72|-0.18|-0.18|-0.68
258|1018942105674334|0.43|-0.16|-0.14|-0.37
259|1018942125303417|0.14|-0.12|-0.06|-0.04
260|1018942144432959|0.30|-0.07|0.04|0.28
261|1018942164440001|0.56|-0.23|0.33|0.40
262|1018942184705334|0.91|-0.44|0.74|0.30
263|1018942205022417|1.23|-0.38|1.14|0.25
264|1018942224614209|1.32|-0.10|1.21|0.51
265|1018942244709334|1.29|0.13|0.86|0.96
266|1018942264510709|1.45|0.11|0.37|1.40
267|1018942284818626|1.51|-0.08|0.11|1.50
268|1018942304866376|1.44|-0.24|0.05|1.42
269|1018942325089376|1.29|-0.23|0.03|1.27
270|1018942344689667|1.04|-0.10|0.01|1.03
271|1018942364079001|0.70|0.04|-0.03|0.70
272|1018942384745167|0.43|0.08|-0.12|0.41
273|1018942404539459|0.31|0.02|-0.25|0.19
274|1018942424496876|0.39|-0.07|-0.38|-0.00
275|1018942444466501|0.56|-0.16|-0.48|-0.25
276|1018942464440876|0.76|-0.23|-0.51|-0.52
277|1018942484998584|0.95|-0.21|-0.53|-0.76
278|1018942504278626|1.14|-0.15|-0.53|-1.00
279|1018942524801126|1.31|-0.12|-0.50|-1.20
280|1018942544843043|1.44|-0.09|-0.44|-1.36
281|1018942564617126|1.42|-0.03|-0.38|-1.37
282|1018942584428876|1.29|0.05|-0.31|-1.25
283|1018942604377293|1.12|0.17|-0.25|-1.08
284|1018942625348834|0.99|0.27|-0.19|-0.93
285|1018942644531959|0.76|0.27|-0.10|-0.70
286|1018942665013209|0.50|0.26|0.02|-0.43
287|1018942684655043|0.36|0.31|0.10|-0.15
288|1018942704764126|0.35|0.27|0.19|0.11
289|1018942726118543|0.48|0.03|0.44|0.19
290|1018942744927959|0.64|-0.09|0.63|0.07
291|1018942765473709|0.82|-0.08|0.81|-0.09
292|1018942784223501|0.67|0.03|0.67|0.00
293|1018942804357709|0.54|0.15|0.28|0.43
294|1018942825256459|0.89|0.11|-0.01|0.89
295|1018942845238543|1.03|0.01|-0.06|1.03
296|1018942865196959|1.14|-0.06|-0.08|1.13
297|1018942884587959|1.07|0.08|-0.15|1.05
298|1018942904360793|0.99|0.26|-0.23|0.93
299|1018942924592001|0.87|0.37|-0.22|0.76
300|1018942945987001|0.69|0.36|-0.22|0.55
301|1018942968008459|0.47|0.26|-0.24|0.30
302|1018942985047709|0.32|0.17|-0.27|0.05
303|1018943004331709|0.37|0.09|-0.29|-0.20
304|1018943024561501|0.56|-0.02|-0.29|-0.48
305|1018943048117043|0.86|-0.12|-0.25|-0.82
306|1018943066093543|1.19|-0.19|-0.17|-1.16
307|1018943085066084|1.47|-0.25|-0.09|-1.45
308|1018943104385126|1.57|-0.28|-0.06|-1.55
309|1018943124758543|1.47|-0.26|-0.06|-1.45
310|1018943144579001|1.31|-0.24|-0.06|-1.28
311|1018943164582543|1.06|-0.20|-0.06|-1.04
312|1018943184885251|0.70|-0.13|-0.08|-0.68
313|1018943204422043|0.28|-0.08|-0.10|-0.24
314|1018943224212043|0.13|-0.04|-0.04|0.11
315|1018943244857168|0.38|0.03|0.07|0.37
316|1018943265495210|0.56|0.00|0.28|0.49
317|1018943285292418|0.77|-0.15|0.60|0.45
318|1018943304511793|0.94|-0.16|0.81|0.43
319|1018943324337251|1.10|-0.06|0.93|0.59
320|1018943344230376|1.15|0.07|0.71|0.91
321|1018943365507001|1.38|0.15|0.26|1.35
322|1018943384419918|1.47|-0.01|-0.05|1.46
323|1018943404447835|1.27|-0.24|-0.08|1.25
324|1018943424418710|1.00|-0.29|-0.00|0.95
325|1018943445095001|0.78|-0.14|-0.02|0.76
326|1018943465898043|0.58|-0.05|-0.10|0.57
327|1018943484587918|0.49|-0.07|-0.19|0.45
328|1018943504959626|0.51|-0.12|-0.29|0.40
329|1018943524310043|0.54|-0.13|-0.40|0.34
330|1018943544364001|0.53|-0.14|-0.47|0.18
331|1018943564296835|0.51|-0.19|-0.48|-0.03
332|1018943584453835|0.55|-0.25|-0.44|-0.22
333|1018943604068626|0.66|-0.27|-0.41|-0.43
334|1018943623903835|0.80|-0.24|-0.35|-0.68
335|1018943644532376|0.96|-0.16|-0.29|-0.90
336|1018943664553626|1.07|-0.12|-0.25|-1.03
337|1018943688121626|1.08|-0.12|-0.21|-1.05
338|1018943706545001|1.02|-0.11|-0.18|-0.99
339|1018943725386210|0.92|-0.04|-0.13|-0.91
340|1018943744085793|0.74|0.04|-0.08|-0.73
341|1018943764027501|0.50|0.09|-0.03|-0.49
342|1018943787422210|0.28|0.09|0.06|-0.25
343|1018943804259960|0.21|0.12|0.16|0.00
344|1018943825023043|0.38|0.15|0.24|0.25
345|1018943844315293|0.59|0.09|0.40|0.42
346|1018943863992210|0.69|0.03|0.55|0.41
347|1018943884443585|0.79|0.01|0.67|0.42
348|1018943904394502|0.80|0.00|0.59|0.54
349|1018943924662585|0.90|0.09|0.31|0.84
350|1018943944512752|0.97|0.05|0.16|0.96
351|1018943964746085|0.79|-0.07|0.19|0.76
352|1018943984188460|0.57|-0.16|0.30|0.46
353|1018944004408293|0.41|-0.16|0.33|0.20
354|1018944025500960|0.26|-0.05|0.25|0.06
355|1018944044202710|0.19|0.08|0.17|-0.01
356|1018944064194002|0.26|0.23|0.09|-0.10
357|1018944084432460|0.36|0.30|-0.01|-0.19
358|1018944104530168|0.36|0.25|-0.10|-0.25
359|1018944124304627|0.36|0.20|-0.19|-0.24
360|1018944144508543|0.40|0.15|-0.26|-0.26
361|1018944163982585|0.53|0.06|-0.28|-0.45
362|1018944184692918|0.80|-0.07|-0.27|-0.74
363|1018944205183168|1.08|-0.24|-0.23|-1.02
364|1018944224215835|1.26|-0.44|-0.19|-1.17
365|1018944244002335|1.25|-0.52|-0.19|-1.12
366|1018944264269085|1.11|-0.55|-0.21|-0.94
367|1018944284118835|0.95|-0.54|-0.20|-0.76
368|1018944304029002|0.82|-0.58|-0.18|-0.56
369|1018944324833835|0.76|-0.69|-0.14|-0.30
370|1018944344075502|0.74|-0.73|-0.11|0.01
371|1018944364496335|0.78|-0.71|-0.05|0.32
372|1018944384412127|0.82|-0.57|0.01|0.59
373|1018944404195918|0.83|-0.44|0.16|0.69
374|1018944424172543|0.86|-0.39|0.46|0.61
375|1018944444499918|0.94|-0.29|0.74|0.51
376|1018944464182627|1.02|-0.06|0.84|0.58
377|1018944484195252|1.08|0.19|0.70|0.80
378|1018944504459252|1.07|0.29|0.42|0.93
379|1018944524262294|0.95|0.12|0.18|0.93
380|1018944544682919|0.81|-0.13|0.03|0.80
381|1018944564119502|0.68|-0.30|-0.06|0.61
382|1018944584018794|0.59|-0.32|-0.19|0.46
383|1018944604080085|0.60|-0.30|-0.36|0.37
384|1018944625212419|0.62|-0.28|-0.46|0.32
385|1018944644333877|0.60|-0.23|-0.49|0.25
386|1018944664070419|0.57|-0.17|-0.52|0.13
387|1018944684682669|0.59|-0.05|-0.59|-0.02
388|1018944704201460|0.65|-0.06|-0.62|-0.16
389|1018944724089585|0.66|-0.16|-0.61|-0.21
390|1018944744506419|0.71|-0.23|-0.61|-0.29
391|1018944764234669|0.74|-0.20|-0.58|-0.41
392|1018944784261669|0.82|-0.18|-0.50|-0.63
393|1018944804382335|0.86|-0.22|-0.42|-0.71
394|1018944824156877|0.73|-0.22|-0.37|-0.60
395|1018944844382544|0.57|-0.13|-0.31|-0.46
396|1018944864497627|0.46|0.02|-0.24|-0.39
397|1018944884479460|0.42|0.14|-0.16|-0.37
398|1018944904117627|0.43|0.28|-0.11|-0.30
399|1018944924603544|0.45|0.38|-0.03|-0.23
400|1018944944303919|0.47|0.43|0.06|-0.17
401|1018944964084627|0.50|0.41|0.22|-0.18
402|1018944984130335|0.60|0.31|0.49|-0.16
403|1018945004075502|0.78|0.17|0.75|-0.14
404|1018945024222752|0.98|0.29|0.92|-0.16
405|1018945044598127|0.98|0.52|0.83|0.02
406|1018945064719210|0.86|0.65|0.48|0.32
407|1018945084711585|0.75|0.48|0.11|0.57
408|1018945105417294|0.85|0.34|-0.17|0.76
409|1018945124384960|0.77|-0.08|-0.21|0.74
410|1018945144166627|0.71|-0.36|-0.19|0.58
411|1018945164577585|0.59|-0.52|-0.04|0.28
412|1018945184216044|0.69|-0.67|0.18|-0.01
413|1018945204477085|0.92|-0.80|0.41|-0.17
414|1018945224728336|1.04|-0.86|0.55|-0.20
415|1018945244510502|1.02|-0.83|0.57|-0.16
416|1018945265323002|1.02|-0.88|0.48|-0.16
417|1018945284988669|0.98|-0.93|0.31|-0.13
418|1018945304401961|0.91|-0.91|0.07|-0.04
419|1018945324548502|0.84|-0.82|-0.17|-0.00
420|1018945344576544|0.74|-0.65|-0.35|-0.06
421|1018945364539961|0.63|-0.40|-0.45|-0.18
422|1018945385162461|0.56|-0.11|-0.48|-0.27
423|1018945406040544|0.63|0.16|-0.52|-0.32
424|1018945424600294|0.77|0.40|-0.59|-0.28
425|1018945444429169|0.83|0.48|-0.64|-0.22
426|1018945465103502|0.80|0.46|-0.65|-0.09
427|1018945485407961|0.81|0.47|-0.64|0.12
428|1018945508324044|0.88|0.55|-0.61|0.30
429|1018945524902127|0.98|0.67|-0.55|0.45
430|1018945544301336|0.98|0.68|-0.44|0.55
431|1018945564744336|0.87|0.59|-0.22|0.60
432|1018945586207336|0.82|0.52|0.00|0.63
433|1018945606622919|0.88|0.51|0.09|0.71
434|1018945624834294|0.86|0.43|0.03|0.74
435|1018945644299544|0.86|0.36|-0.13|0.77
436|1018945664544002|0.91|0.29|-0.30|0.81
437|1018945684853044|0.82|0.18|-0.38|0.70
438|1018945704689919|0.64|0.14|-0.38|0.50
439|1018945724513586|0.55|0.14|-0.38|0.38
440|1018945744623836|0.54|0.21|-0.38|0.33
441|1018945764496627|0.50|0.33|-0.32|0.19
442|1018945784455794|0.47|0.41|-0.22|-0.02
443|1018945804722586|0.52|0.44|-0.17|-0.23
444|1018945826628752|0.57|0.40|-0.16|-0.37
445|1018945844752086|0.51|0.27|-0.18|-0.39
446|1018945864147711|0.41|0.15|-0.21|-0.32
447|1018945884563294|0.35|0.10|-0.24|-0.24
448|1018945904896961|0.35|0.13|-0.24|-0.23
449|1018945925626961|0.38|0.21|-0.20|-0.24
450|1018945945664128|0.38|0.27|-0.14|-0.22
451|1018945964510419|0.39|0.35|-0.08|-0.15
452|1018945984442878|0.47|0.47|0.01|-0.07
453|1018946006512128|0.57|0.53|0.19|-0.12
454|1018946027745294|0.66|0.52|0.37|-0.17
455|1018946044630253|0.68|0.48|0.48|-0.06
456|1018946064546336|0.67|0.37|0.53|0.19
457|1018946084342711|0.76|0.27|0.56|0.44
458|1018946104556919|0.88|0.26|0.61|0.59
459|1018946124646753|0.98|0.30|0.71|0.61
460|1018946144518919|1.10|0.28|0.86|0.61
461|1018946164539544|1.20|0.31|0.96|0.65
462|1018946184613253|1.22|0.36|0.93|0.71
463|1018946204387753|1.12|0.34|0.74|0.77
464|1018946224875211|0.98|0.26|0.57|0.75
465|1018946245023753|0.79|0.17|0.46|0.62
466|1018946264204003|0.61|0.16|0.37|0.47
467|1018946284402086|0.40|0.15|0.20|0.31
468|1018946304331586|0.21|0.11|-0.01|0.18
469|1018946324762419|0.20|0.05|-0.18|0.07
470|1018946344259253|0.29|0.08|-0.28|-0.05
471|1018946364382794|0.41|0.17|-0.29|-0.24
472|1018946384230753|0.52|0.17|-0.28|-0.40
473|1018946404000128|0.56|0.17|-0.30|-0.44
474|1018946425505253|0.54|0.21|-0.32|-0.38
475|1018946444383794|0.53|0.22|-0.30|-0.38
476|1018946464277711|0.59|0.21|-0.25|-0.49
477|1018946484467378|0.68|0.20|-0.19|-0.62
478|1018946504266378|0.74|0.15|-0.14|-0.71
479|1018946524374253|0.77|0.10|-0.14|-0.75
480|1018946544297628|0.76|0.05|-0.16|-0.74
481|1018946564108711|0.76|0.02|-0.17|-0.74
482|1018946584222544|0.76|-0.02|-0.13|-0.74
483|1018946604318711|0.74|-0.05|-0.10|-0.73
484|1018946624123711|0.66|-0.01|-0.09|-0.66
485|1018946644522461|0.52|0.05|-0.05|-0.52
486|1018946669513086|0.34|0.08|-0.01|-0.33
487|1018946684198295|0.17|0.11|0.04|-0.12
488|1018946704121045|0.24|0.20|0.11|0.10
489|1018946724444336|0.40|0.10|0.32|0.22
490|1018946744958045|0.69|-0.10|0.63|0.27
491|1018946764372961|0.94|0.03|0.81|0.47
492|1018946784456628|1.08|0.25|0.63|0.84
493|1018946805299045|1.23|0.30|0.23|1.17
494|1018946824244961|1.25|0.15|-0.03|1.24
495|1018946844400836|1.07|0.00|-0.08|1.07
496|1018946865045253|0.89|0.02|-0.05|0.89
497|1018946885165295|0.72|0.11|-0.12|0.71
498|1018946904348336|0.61|0.06|-0.24|0.55
499|1018946924607461|0.54|-0.08|-0.34|0.42
500|1018946944149420|0.54|-0.20|-0.38|0.32
501|1018946965074295|0.52|-0.26|-0.43|0.14
502|1018946984782336|0.55|-0.29|-0.46|-0.11
503|1018947004460586|0.65|-0.29|-0.48|-0.32
504|1018947024388586|0.71|-0.25|-0.50|-0.43
505|1018947044522128|0.77|-0.17|-0.52|-0.54
506|1018947065084045|0.88|-0.10|-0.51|-0.70
507|1018947084520336|1.04|-0.07|-0.48|-0.92
508|1018947104109628|1.15|-0.06|-0.40|-1.08
509|1018947123907586|1.16|-0.01|-0.31|-1.12
510|1018947144542670|1.12|0.08|-0.22|-1.10
511|1018947164294253|1.03|0.22|-0.12|-1.00
512|1018947184276503|0.89|0.30|-0.02|-0.84
513|1018947204115211|0.76|0.27|0.12|-0.70
514|1018947224100711|0.63|0.22|0.28|-0.51
515|1018947244415253|0.54|0.18|0.43|-0.28
516|1018947264198336|0.63|0.07|0.62|-0.08
517|1018947284719961|0.71|0.05|0.71|0.04
518|1018947304086003|0.73|0.13|0.68|0.25
519|1018947324380753|0.82|0.28|0.43|0.64
520|1018947344033920|1.20|0.42|0.07|1.12
521|1018947364261712|1.38|0.41|-0.14|1.31
522|1018947384366420|1.21|0.33|-0.12|1.15
523|1018947405347337|0.96|0.41|-0.04|0.87
524|1018947424183170|0.84|0.61|-0.03|0.57
525|1018947444248003|0.95|0.88|-0.09|0.34
526|1018947464414295|1.07|1.06|-0.10|0.15
527|1018947484708503|1.03|1.03|-0.10|-0.04
528|1018947504306962|0.94|0.91|-0.16|-0.15
529|1018947524202003|0.84|0.76|-0.25|-0.23
530|1018947544165378|0.75|0.59|-0.34|-0.32
531|1018947564428420|0.72|0.42|-0.39|-0.44
532|1018947584048628|0.76|0.24|-0.41|-0.60
533|1018947604264503|0.88|0.02|-0.39|-0.79
534|1018947624438545|1.05|-0.22|-0.32|-0.98
535|1018947643992087|1.13|-0.37|-0.26|-1.04
536|1018947664118295|1.09|-0.47|-0.22|-0.96
537|1018947684515253|1.06|-0.52|-0.18|-0.90
538|1018947704247712|1.03|-0.59|-0.13|-0.83
539|1018947724142003|0.93|-0.65|-0.07|-0.66
540|1018947744278628|0.76|-0.66|0.03|-0.38
541|1018947764415462|0.56|-0.54|0.12|-0.06
542|1018947784145670|0.51|-0.39|0.21|0.25
543|1018947804357628|0.74|-0.44|0.43|0.42
544|1018947824517920|1.02|-0.57|0.74|0.42
545|1018947844040295|1.14|-0.41|0.94|0.51
546|1018947864220337|1.18|-0.10|0.80|0.86
547|1018947884108712|1.32|-0.00|0.39|1.26
548|1018947904736212|1.41|-0.13|0.04|1.41
549|1018947924346962|1.37|-0.27|-0.03|1.34
550|1018947944063837|1.14|-0.31|-0.02|1.10
551|1018947964430128|0.91|-0.26|-0.06|0.87
552|1018947984323670|0.77|-0.21|-0.15|0.73
553|1018948004426795|0.72|-0.22|-0.24|0.64
554|1018948024650587|0.67|-0.25|-0.33|0.53
555|1018948044348545|0.60|-0.29|-0.40|0.34
556|1018948064059295|0.54|-0.28|-0.45|0.10
557|1018948084664587|0.52|-0.22|-0.45|-0.14
558|1018948104627420|0.59|-0.22|-0.41|-0.37
559|1018948125439212|0.77|-0.21|-0.37|-0.64
560|1018948144694837|0.96|-0.17|-0.32|-0.89
561|1018948164735795|1.17|-0.14|-0.25|-1.14
562|1018948184375795|1.30|-0.07|-0.19|-1.28
563|1018948204559379|1.32|0.05|-0.12|-1.31
564|1018948226354295|1.26|0.11|-0.04|-1.25
565|1018948244782920|1.05|0.17|0.04|-1.03
566|1018948265881129|0.77|0.27|0.09|-0.71
567|1018948285326045|0.47|0.37|0.09|-0.29
568|1018948305073045|0.39|0.37|0.05|0.09
569|1018948329852129|0.50|0.28|0.10|0.40
570|1018948344868962|0.68|0.19|0.22|0.62
571|1018948364990754|0.70|0.18|0.34|0.59
572|1018948385159837|0.71|0.23|0.34|0.58
573|1018948404500170|0.98|0.33|0.04|0.92
574|1018948424626379|1.42|0.33|-0.26|1.36
575|1018948444699962|1.34|0.15|-0.26|1.30
576|1018948464455670|0.92|0.03|-0.07|0.92
577|1018948484578837|0.63|0.17|0.02|0.61
578|1018948505481754|0.69|0.50|-0.05|0.47
579|1018948524628962|0.87|0.80|-0.11|0.33
580|1018948548486170|0.89|0.88|-0.11|0.10
581|1018948564758129|0.81|0.79|-0.11|-0.13
582|1018948584753045|0.73|0.66|-0.15|-0.29
583|1018948604598962|0.68|0.49|-0.20|-0.42
584|1018948624545670|0.70|0.32|-0.22|-0.58
585|1018948645648504|0.78|0.14|-0.23|-0.73
586|1018948665196129|0.95|-0.06|-0.19|-0.92
587|1018948684404212|1.13|-0.23|-0.14|-1.10
588|1018948704708129|1.22|-0.34|-0.10|-1.16
589|1018948724268629|1.19|-0.40|-0.07|-1.11
590|1018948744401712|1.08|-0.38|-0.04|-1.01
591|1018948764939879|0.89|-0.30|-0.05|-0.84
592|1018948784614712|0.63|-0.28|-0.06|-0.57
593|1018948804541212|0.47|-0.35|0.02|-0.31
594|1018948825058879|0.47|-0.44|0.16|-0.05
595|1018948844247921|0.65|-0.52|0.35|0.19
596|1018948865995254|1.06|-0.76|0.71|0.23
597|1018948884656879|1.20|-0.71|0.93|0.29
598|1018948904408921|1.16|-0.31|0.94|0.61
599|1018948924545671|1.19|0.09|0.60|1.03
600|1018948944327629|1.44|0.15|0.16|1.43
601|1018948964595921|1.51|-0.07|-0.08|1.51
602|1018948985506504|1.42|-0.31|-0.11|1.38
603|1018949004607212|1.21|-0.38|-0.10|1.14
604|1018949024425796|0.95|-0.32|-0.12|0.89
605|1018949044379046|0.72|-0.26|-0.18|0.65
606|1018949064765254|0.61|-0.28|-0.26|0.48
607|1018949085394171|0.57|-0.32|-0.38|0.29
608|1018949105285212|0.62|-0.39|-0.48|0.03
609|1018949124550129|0.74|-0.44|-0.54|-0.25
610|1018949144474962|0.92|-0.45|-0.56|-0.57
611|1018949164488462|1.14|-0.41|-0.49|-0.94
612|1018949184803379|1.36|-0.29|-0.40|-1.26
613|1018949204609629|1.46|-0.16|-0.36|-1.41
614|1018949224455671|1.41|-0.06|-0.37|-1.36
615|1018949244532546|1.22|-0.01|-0.38|-1.16
616|1018949264489296|1.08|0.04|-0.36|-1.02
617|1018949285627254|0.96|0.16|-0.28|-0.90
618|1018949304704504|0.82|0.33|-0.20|-0.72
619|1018949324588379|0.63|0.38|-0.12|-0.49
620|1018949344349921|0.47|0.39|-0.00|-0.26
621|1018949364604129|0.44|0.43|0.09|0.04
622|1018949384672421|0.58|0.47|0.15|0.30
623|1018949405004504|0.68|0.41|0.34|0.42
624|1018949425183546|0.73|0.37|0.49|0.39
625|1018949444530338|0.85|0.47|0.55|0.44
626|1018949464476504|1.01|0.64|0.31|0.71
627|1018949484550254|1.21|0.60|-0.05|1.04
628|1018949505705796|1.27|0.35|-0.25|1.20
629|1018949524985796|1.15|0.12|-0.25|1.12
630|1018949545338379|0.94|0.01|-0.22|0.91
631|1018949564296421|0.78|0.06|-0.24|0.74
632|1018949584584254|0.63|0.20|-0.26|0.54
633|1018949605442088|0.51|0.36|-0.21|0.29
634|1018949624780588|0.50|0.47|-0.15|0.03
635|1018949644700546|0.56|0.51|-0.14|-0.18
636|1018949665212796|0.62|0.51|-0.15|-0.32
637|1018949684209713|0.60|0.43|-0.18|-0.38
638|1018949704641504|0.58|0.29|-0.18|-0.47
639|1018949724564338|0.72|0.15|-0.12|-0.69
640|1018949744382921|1.00|0.01|-0.05|-1.00
641|1018949764442088|1.24|-0.15|0.03|-1.23
642|1018949784596796|1.43|-0.28|0.07|-1.40
643|1018949804202963|1.33|-0.34|0.07|-1.28
644|1018949825011838|1.15|-0.28|0.04|-1.12
645|1018949844436254|1.01|-0.23|0.00|-0.98
646|1018949864568254|0.72|-0.29|-0.04|-0.66
647|1018949884192713|0.49|-0.37|-0.01|-0.33
648|1018949904439171|0.37|-0.36|0.06|0.06
649|1018949925178421|0.51|-0.34|0.11|0.36
650|1018949944769129|0.75|-0.44|0.43|0.43
651|1018949964374629|1.01|-0.54|0.77|0.38
652|1018949984272879|1.19|-0.38|1.00|0.52
653|1018950004338338|1.30|0.01|0.89|0.94
654|1018950025805338|1.51|0.30|0.52|1.38
655|1018950045144088|1.61|0.22|0.23|1.57
656|1018950064653338|1.52|0.06|0.15|1.51
657|1018950084963504|1.30|-0.03|0.16|1.29
658|1018950104486255|1.00|-0.05|0.15|0.99
659|1018950128705296|0.74|-0.06|0.09|0.73
660|1018950144855421|0.56|-0.15|0.01|0.54
661|1018950165360921|0.44|-0.24|-0.06|0.37
662|1018950184222171|0.38|-0.27|-0.16|0.21
663|1018950204497005|0.38|-0.27|-0.27|-0.01
664|1018950224545296|0.49|-0.25|-0.35|-0.23
665|1018950246553213|0.69|-0.26|-0.42|-0.48
666|1018950264896546|0.91|-0.26|-0.47|-0.74
667|1018950284557755|1.13|-0.25|-0.52|-0.97
668|1018950304436796|1.30|-0.23|-0.60|-1.13
669|1018950324767671|1.39|-0.20|-0.64|-1.22
670|1018950345450130|1.44|-0.07|-0.62|-1.30
671|1018950364829338|1.40|0.12|-0.53|-1.29
672|1018950385261213|1.24|0.31|-0.48|-1.10
673|1018950405048421|1.06|0.47|-0.43|-0.85
674|1018950424522671|0.96|0.58|-0.35|-0.68
675|1018950445818046|0.81|0.56|-0.21|-0.54
676|1018950464938880|0.59|0.46|-0.07|-0.37
677|1018950485681005|0.42|0.40|0.09|-0.12
678|1018950504569838|0.42|0.31|0.29|0.04
679|1018950524540463|0.56|0.24|0.50|0.03
680|1018950544469546|0.69|0.30|0.61|0.10
681|1018950564944671|0.76|0.45|0.47|0.40
682|1018950585236338|1.02|0.47|0.27|0.86
683|1018950604724130|1.17|0.31|0.17|1.12
684|1018950624375505|1.19|0.11|0.17|1.17
685|1018950644525921|1.08|0.01|0.14|1.07
686|1018950665347338|0.94|0.09|0.06|0.94
687|1018950685508546|0.87|0.28|-0.01|0.83
688|1018950704755421|0.75|0.40|-0.05|0.63
689|1018950724536171|0.57|0.41|-0.07|0.39
690|1018950744484046|0.45|0.40|-0.12|0.17
691|1018950766413671|0.43|0.39|-0.17|-0.05
692|1018950785687796|0.48|0.34|-0.24|-0.22
693|1018950805379588|0.55|0.31|-0.31|-0.33
694|1018950825056922|0.65|0.22|-0.30|-0.53
695|1018950844449047|0.85|0.06|-0.24|-0.82
696|1018950864659505|1.07|-0.09|-0.16|-1.05
697|1018950884784588|1.20|-0.21|-0.10|-1.17
698|1018950904639255|1.24|-0.28|-0.04|-1.21
699|1018950924831088|1.25|-0.30|0.02|-1.21
700|1018950944454547|1.21|-0.36|0.09|-1.15
701|1018950964475463|1.01|-0.46|0.10|-0.89
702|1018950984972630|0.71|-0.52|0.08|-0.48
703|1018951004708213|0.59|-0.57|0.11|-0.11
704|1018951024655755|0.68|-0.63|0.22|0.13
705|1018951044664505|0.96|-0.78|0.51|0.20
706|1018951064365963|1.28|-0.95|0.85|0.12
707|1018951084377130|1.42|-0.81|1.16|0.14
708|1018951104558297|1.28|-0.42|1.12|0.44
709|1018951125169672|1.18|-0.09|0.72|0.93
710|1018951145242797|1.38|-0.05|0.20|1.37
711|1018951164593422|1.56|-0.23|-0.15|1.54
712|1018951186728338|1.60|-0.42|-0.32|1.51
713|1018951204675505|1.45|-0.51|-0.34|1.32
714|1018951224939047|1.10|-0.40|-0.27|0.99
715|1018951245375547|0.70|-0.21|-0.19|0.65
716|1018951265356672|0.41|-0.07|-0.17|0.37
717|1018951286667338|0.36|-0.02|-0.23|0.27
718|1018951307050588|0.45|0.02|-0.35|0.29
719|1018951324966130|0.50|0.00|-0.44|0.25
720|1018951344834088|0.48|-0.04|-0.48|0.07
721|1018951365154130|0.54|-0.10|-0.49|-0.19
722|1018951384423005|0.71|-0.13|-0.50|-0.48
723|1018951404678797|0.94|-0.12|-0.47|-0.80
724|1018951425110130|1.16|-0.02|-0.44|-1.07
725|1018951445431880|1.39|0.11|-0.38|-1.33
726|1018951464356755|1.55|0.23|-0.31|-1.50
727|1018951484868838|1.56|0.37|-0.24|-1.50
728|1018951505107922|1.39|0.49|-0.23|-1.28
729|1018951525496089|1.10|0.51|-0.22|-0.95
730|1018951544330589|0.84|0.49|-0.14|-0.67
731|1018951564340422|0.63|0.45|-0.04|-0.44
732|1018951584453880|0.44|0.38|0.08|-0.22
733|1018951604394464|0.37|0.23|0.29|-0.02
734|1018951624740505|0.49|0.07|0.48|0.07
735|1018951645296422|0.65|0.01|0.64|0.09
736|1018951665918047|0.66|0.12|0.57|0.30
737|1018951685646380|0.89|0.27|0.31|0.79
738|1018951704332880|1.23|0.23|0.06|1.21
739|1018951724956214|1.32|0.04|-0.03|1.32
740|1018951744643005|1.27|-0.14|-0.05|1.26
741|1018951765484922|1.15|-0.23|-0.07|1.13
742|1018951784463380|0.99|-0.14|-0.11|0.97
743|1018951804253089|0.84|0.14|-0.12|0.82
744|1018951824920089|0.78|0.43|-0.13|0.64
745|1018951845015630|0.74|0.58|-0.16|0.43
746|1018951865114797|0.68|0.60|-0.22|0.25
747|1018951884858839|0.60|0.53|-0.26|0.06
748|1018951904451172|0.59|0.49|-0.27|-0.18
749|1018951924562089|0.75|0.46|-0.24|-0.55
750|1018951944969214|1.11|0.42|-0.16|-1.02
751|1018951964860130|1.51|0.34|-0.05|-1.47
752|1018951984676505|1.83|0.23|0.07|-1.82
753|1018952004580922|1.99|0.14|0.15|-1.98
754|1018952024654172|1.98|0.11|0.21|-1.97
755|1018952047130964|1.79|0.09|0.22|-1.77
756|1018952065450839|1.39|-0.02|0.18|-1.38
757|1018952084727839|0.85|-0.19|0.13|-0.81
758|1018952104364839|0.40|-0.37|0.12|-0.10
759|1018952124513005|0.82|-0.53|0.13|0.62
760|1018952145310380|1.33|-0.69|0.28|1.10
761|1018952164586880|1.56|-0.85|0.66|1.13
762|1018952184430589|1.68|-0.79|1.11|0.98
763|1018952204518297|1.82|-0.48|1.39|1.06
764|1018952226114672|1.82|-0.03|1.20|1.37
765|1018952245627756|1.78|0.23|0.79|1.57
766|1018952265677547|1.57|0.09|0.49|1.49
767|1018952285085547|1.31|-0.13|0.32|1.26
768|1018952304734047|1.03|-0.29|0.24|0.96
769|1018952324733589|0.69|-0.32|0.18|0.59
770|1018952345956839|0.34|-0.28|0.13|0.15
771|1018952368990589|0.35|-0.22|0.12|-0.24
772|1018952384650756|0.50|-0.14|0.07|-0.48
773|1018952404520839|0.61|-0.02|-0.03|-0.61
774|1018952424623881|0.70|0.13|-0.19|-0.66
775|1018952445106881|0.80|0.19|-0.40|-0.67
776|1018952465331297|0.95|0.18|-0.59|-0.72
777|1018952485029881|1.13|0.11|-0.69|-0.89
778|1018952504844047|1.32|0.07|-0.74|-1.09
779|1018952524444839|1.49|0.06|-0.76|-1.28
780|1018952544667881|1.62|0.06|-0.73|-1.45
781|1018952566465547|1.66|0.09|-0.65|-1.53
782|1018952587628839|1.50|0.19|-0.56|-1.38
783|1018952604660131|1.24|0.32|-0.44|-1.12
784|1018952624596714|1.03|0.48|-0.31|-0.86
785|1018952644761297|0.81|0.58|-0.19|-0.53
786|1018952665027006|0.66|0.64|-0.08|-0.13
787|1018952685722756|0.65|0.59|0.04|0.27
788|1018952705218506|0.77|0.45|0.26|0.57
789|1018952724814256|0.86|0.31|0.50|0.62
790|1018952744581506|0.97|0.22|0.69|0.65
791|1018952765239672|1.14|0.27|0.63|0.90
792|1018952785018214|1.46|0.41|0.44|1.33
793|1018952806209297|1.59|0.38|0.32|1.51
794|1018952824429422|1.42|0.22|0.36|1.35
795|1018952844622256|1.20|0.16|0.39|1.12
796|1018952864705172|1.02|0.27|0.31|0.94
797|1018952885512964|0.91|0.48|0.20|0.75
798|1018952904900256|0.77|0.60|0.11|0.48
799|1018952924730131|0.61|0.58|0.05|0.17
800|1018952944455214|0.51|0.50|-0.04|-0.05
801|1018952964727298|0.50|0.44|-0.18|-0.16
802|1018952985551798|0.52|0.31|-0.31|-0.28
803|1018953004721089|0.59|0.15|-0.41|-0.40
804|1018953025514173|0.75|-0.03|-0.46|-0.60
805|1018953044641798|1.03|-0.22|-0.44|-0.91
806|1018953064574548|1.35|-0.38|-0.36|-1.24
807|1018953088635548|1.55|-0.56|-0.31|-1.41
808|1018953107132881|1.61|-0.71|-0.27|-1.42
809|1018953126984589|1.62|-0.79|-0.22|-1.40
810|1018953144633381|1.57|-0.84|-0.17|-1.32
811|1018953164485214|1.46|-0.87|-0.10|-1.17
812|1018953184598214|1.23|-0.86|-0.02|-0.88
813|1018953205593631|0.84|-0.74|0.04|-0.41
814|1018953225101298|0.59|-0.57|0.12|0.11
815|1018953244534048|0.71|-0.47|0.32|0.42
816|1018953264499964|0.97|-0.53|0.66|0.47
817|1018953284606714|1.17|-0.38|0.94|0.59
818|1018953305795214|1.38|-0.04|1.01|0.94
819|1018953325209881|1.50|0.30|0.75|1.26
820|1018953346924714|1.51|0.36|0.41|1.41
821|1018953364675214|1.34|0.18|0.23|1.30
822|1018953384815131|1.12|-0.00|0.15|1.11
823|1018953406789381|0.86|-0.08|0.14|0.84
824|1018953425119548|0.55|-0.05|0.16|0.52
825|1018953444853923|0.28|-0.05|0.16|0.22
826|1018953464652756|0.16|-0.09|0.11|0.07
827|1018953484760839|0.14|-0.13|0.01|0.04
828|1018953504889881|0.18|-0.11|-0.12|0.07
829|1018953524901173|0.29|-0.11|-0.26|0.06
830|1018953545941423|0.40|-0.13|-0.38|-0.02
831|1018953564829256|0.53|-0.15|-0.46|-0.21
832|1018953584924506|0.69|-0.12|-0.51|-0.45
833|1018953604533840|0.91|-0.10|-0.54|-0.73
834|1018953626467423|1.15|-0.07|-0.54|-1.01
835|1018953645224548|1.32|0.01|-0.51|-1.22
836|1018953665140256|1.35|0.09|-0.46|-1.27
837|1018953684696756|1.26|0.16|-0.41|-1.18
838|1018953704960423|1.10|0.23|-0.34|-1.02
839|1018953726014923|0.89|0.32|-0.25|-0.80
840|1018953745758673|0.70|0.41|-0.15|-0.55
841|1018953764684006|0.56|0.50|-0.03|-0.23
842|1018953784512590|0.54|0.54|0.04|0.09
843|1018953804633590|0.58|0.46|0.14|0.33
844|1018953825387756|0.64|0.32|0.35|0.43
845|1018953847794215|0.74|0.30|0.52|0.44
846|1018953865512965|0.81|0.33|0.58|0.46
847|1018953884623090|0.85|0.37|0.42|0.63
848|1018953904633381|1.01|0.36|0.24|0.91
849|1018953924666048|1.04|0.25|0.19|0.99
850|1018953944884381|0.93|0.16|0.19|0.90
851|1018953966022798|0.77|0.16|0.10|0.74
852|1018953984615548|0.60|0.20|0.01|0.56
853|1018954004499756|0.41|0.26|-0.04|0.31
854|1018954024690340|0.29|0.28|-0.05|0.04
855|1018954045656048|0.34|0.29|-0.07|-0.16
856|1018954064811298|0.44|0.33|-0.13|-0.26
857|1018954084605465|0.52|0.33|-0.20|-0.34
858|1018954104530215|0.60|0.24|-0.24|-0.49
859|1018954124598798|0.73|0.10|-0.24|-0.69
860|1018954145636423|0.91|-0.07|-0.20|-0.88
861|1018954164883131|1.09|-0.27|-0.16|-1.05
862|1018954184438590|1.19|-0.41|-0.14|-1.10
863|1018954205053215|1.17|-0.48|-0.13|-1.06
864|1018954224649131|1.13|-0.52|-0.11|-1.00
865|1018954244783965|1.12|-0.59|-0.08|-0.94
866|1018954264473131|1.05|-0.64|-0.05|-0.82
867|1018954284654881|0.90|-0.67|-0.01|-0.60
868|1018954304105215|0.71|-0.61|0.08|-0.35
869|1018954324333048|0.51|-0.47|0.19|-0.07
870|1018954344588382|0.42|-0.27|0.25|0.20
871|1018954364538298|0.58|-0.25|0.40|0.33
872|1018954384498882|0.86|-0.41|0.65|0.39
873|1018954405686173|1.03|-0.31|0.75|0.63
874|1018954424377632|1.20|-0.06|0.69|0.98
875|1018954444140340|1.31|0.15|0.50|1.20
876|1018954465492715|1.34|0.26|0.32|1.28
877|1018954485019798|1.27|0.22|0.20|1.23
878|1018954504576840|1.11|0.13|0.11|1.09
879|1018954524822298|0.96|0.16|0.01|0.95
880|1018954544353423|0.78|0.12|-0.04|0.77
881|1018954564395673|0.55|-0.00|-0.09|0.54
882|1018954585028007|0.40|-0.15|-0.15|0.33
883|1018954604705715|0.39|-0.24|-0.25|0.16
884|1018954624640423|0.48|-0.29|-0.38|0.06
885|1018954644564257|0.62|-0.39|-0.48|-0.03
886|1018954664623215|0.70|-0.45|-0.53|-0.08
887|1018954685808382|0.73|-0.41|-0.58|-0.15
888|1018954705585757|0.76|-0.31|-0.59|-0.36
889|1018954725006715|0.86|-0.15|-0.56|-0.63
890|1018954744413382|0.94|0.07|-0.51|-0.78
891|1018954764848382|1.00|0.20|-0.49|-0.85
892|1018954786175798|1.01|0.21|-0.46|-0.88
893|1018954804721257|0.98|0.17|-0.43|-0.87
894|1018954824905882|0.91|0.14|-0.40|-0.80
895|1018954844297840|0.81|0.06|-0.35|-0.73
896|1018954864486465|0.67|-0.03|-0.30|-0.60
897|1018954884706257|0.48|-0.08|-0.29|-0.38
898|1018954904652007|0.30|-0.08|-0.27|-0.09
899|1018954924242882|0.24|-0.06|-0.18|0.14
900|1018954944364423|0.18|-0.01|-0.05|0.17
901|1018954964486757|0.23|0.01|0.03|0.23
902|1018954984573590|0.39|0.02|0.02|0.39
903|1018955005541424|0.52|0.08|-0.02|0.51
904|1018955025850049|0.73|0.20|-0.09|0.70
905|1018955044786132|0.90|0.29|-0.17|0.84
906|1018955064701132|0.87|0.37|-0.19|0.76
907|1018955084695215|0.79|0.51|-0.15|0.59
908|1018955106608049|0.74|0.63|-0.11|0.38
909|1018955126264799|0.70|0.68|-0.09|0.15
910|1018955144765632|0.65|0.64|-0.12|0.09
911|1018955164673257|0.59|0.54|-0.16|0.16
912|1018955184888257|0.58|0.50|-0.19|0.22
913|1018955205514840|0.52|0.45|-0.16|0.18
914|1018955227046840|0.40|0.37|-0.13|0.08
915|1018955244631549|0.24|0.22|-0.08|-0.03
916|1018955264519215|0.14|0.05|-0.03|-0.12
917|1018955284693757|0.24|-0.10|0.01|-0.22
918|1018955306170215|0.45|-0.16|0.08|-0.41
919|1018955324993632|0.67|-0.19|0.18|-0.62
920|1018955344870382|0.77|-0.23|0.22|-0.70
921|1018955364648882|0.73|-0.32|0.21|-0.63
922|1018955384522507|0.67|-0.41|0.19|-0.50
923|1018955404636674|0.63|-0.49|0.16|-0.37
924|1018955425242840|0.61|-0.57|0.13|-0.18
925|1018955445095049|0.58|-0.57|0.06|0.07
926|1018955464800549|0.62|-0.54|-0.02|0.31
927|1018955484569799|0.71|-0.50|-0.07|0.49
928|1018955504597799|0.76|-0.51|-0.03|0.57
929|1018955525931590|0.71|-0.51|0.14|0.47
930|1018955544799465|0.61|-0.33|0.32|0.40
931|1018955564709299|0.65|-0.10|0.37|0.53
932|1018955584664757|0.78|0.03|0.22|0.75
933|1018955604740090|0.94|-0.00|-0.03|0.94
934|1018955625893049|1.08|-0.10|-0.28|1.03
935|1018955644683382|1.23|-0.23|-0.50|1.10
936|1018955664771090|1.18|-0.41|-0.58|0.94
937|1018955684437757|0.97|-0.52|-0.52|0.63
938|1018955704616091|0.74|-0.51|-0.41|0.34
939|1018955724698216|0.55|-0.43|-0.33|0.13
940|1018955744771799|0.42|-0.28|-0.31|0.04
941|1018955764712674|0.38|-0.11|-0.36|0.08
942|1018955784750632|0.43|-0.05|-0.40|0.15
943|1018955804535299|0.50|-0.01|-0.45|0.22
944|1018955824883841|0.55|0.02|-0.48|0.26
945|1018955845605174|0.54|0.02|-0.50|0.21
946|1018955865162799|0.50|0.00|-0.47|0.14
947|1018955884829216|0.45|-0.01|-0.45|0.06
948|1018955904628216|0.40|0.01|-0.39|-0.08
949|1018955924877049|0.40|0.07|-0.32|-0.23
950|1018955945419132|0.47|0.11|-0.21|-0.40
951|1018955964845007|0.50|0.12|-0.12|-0.47
952|1018955984962549|0.43|0.10|-0.08|-0.41
953|1018956004613091|0.27|0.11|-0.09|-0.23
954|1018956024797507|0.15|0.12|-0.09|-0.03
955|1018956045187091|0.19|0.12|-0.10|0.11
956|1018956065644966|0.29|0.13|-0.08|0.25
957|1018956085475757|0.35|0.11|0.02|0.33
958|1018956104491882|0.29|0.07|0.19|0.20
959|1018956124441091|0.36|0.14|0.31|0.11
960|1018956144789674|0.37|0.15|0.30|0.15
961|1018956165662382|0.33|0.11|0.21|0.23
962|1018956185056507|0.31|0.05|0.12|0.28
963|1018956204640424|0.23|-0.04|0.07|0.22
964|1018956224543382|0.15|-0.13|0.03|0.06
965|1018956245117841|0.25|-0.23|0.04|-0.09
966|1018956265488132|0.34|-0.26|0.10|-0.19
967|1018956285297882|0.39|-0.21|0.17|-0.28
968|1018956304827424|0.45|-0.08|0.26|-0.36
969|1018956325012841|0.53|0.04|0.32|-0.43
970|1018956344643757|0.53|0.06|0.33|-0.41
971|1018956366024382|0.43|0.08|0.30|-0.30
972|1018956385886174|0.30|0.11|0.23|-0.16
973|1018956405416674|0.19|0.06|0.16|-0.07
974|1018956424632508|0.12|-0.01|0.11|-0.05
975|1018956444569174|0.09|-0.06|0.06|-0.02
976|1018956464772716|0.13|-0.12|0.05|0.00
977|1018956485542341|0.17|-0.16|0.07|-0.00
978|1018956504979841|0.21|-0.16|0.12|-0.08
979|1018956524748466|0.26|-0.12|0.16|-0.17
980|1018956544925383|0.27|-0.09|0.18|-0.19
981|1018956565520424|0.32|-0.16|0.22|-0.17
982|1018956584638383|0.30|-0.18|0.20|-0.15
983|1018956604656841|0.25|-0.14|0.17|-0.12
984|1018956624910049|0.24|-0.17|0.11|-0.12
985|1018956644474049|0.21|-0.19|0.05|-0.09
986|1018956664761549|0.15|-0.14|-0.02|0.02
987|1018956685510966|0.14|-0.11|-0.06|0.06
988|1018956705521674|0.11|-0.10|-0.04|-0.02
989|1018956724812216|0.16|-0.10|-0.00|-0.13
990|1018956744690966|0.20|-0.08|0.03|-0.19
991|1018956764562716|0.26|-0.05|0.08|-0.24
992|1018956785630799|0.33|-0.01|0.11|-0.31
993|1018956805109091|0.33|-0.00|0.09|-0.31
994|1018956825273799|0.27|-0.05|0.04|-0.26
995|1018956844623508|0.25|-0.13|0.02|-0.21
996|1018956864635174|0.26|-0.16|0.00|-0.20
997|1018956884659799|0.20|-0.13|-0.01|-0.15
998|1018956906316424|0.16|-0.12|-0.02|-0.10
999|1018956926565758|0.17|-0.14|0.00|-0.10
1000|1018956944816674|0.20|-0.13|0.04|-0.14
1001|1018956964731133|0.23|-0.14|0.07|-0.16
1002|1018956984429424|0.26|-0.16|0.10|-0.17
1003|1018957004572258|0.30|-0.19|0.14|-0.19
1004|1018957024879008|0.28|-0.17|0.15|-0.16
1005|1018957045277591|0.26|-0.18|0.14|-0.13
1006|1018957064382883|0.21|-0.15|0.10|-0.10
1007|1018957084423633|0.13|-0.12|0.04|-0.02
1008|1018957105146675|0.14|-0.14|-0.00|0.04
1009|1018957124961841|0.16|-0.16|-0.03|0.02
1010|1018957144874800|0.17|-0.15|-0.03|-0.07
1011|1018957164771300|0.18|-0.10|-0.04|-0.15
1012|1018957184544591|0.21|-0.04|-0.09|-0.19
1013|1018957204608841|0.26|-0.05|-0.14|-0.22
1014|1018957224948633|0.35|-0.07|-0.19|-0.28
1015|1018957245227508|0.43|-0.05|-0.22|-0.37
1016|1018957264859300|0.49|-0.04|-0.26|-0.41
1017|1018957284777841|0.51|-0.02|-0.34|-0.38
1018|1018957304708466|0.51|-0.03|-0.38|-0.34
1019|1018957326035341|0.55|-0.02|-0.42|-0.36
1020|1018957345294841|0.53|-0.06|-0.45|-0.28
1021|1018957364682050|0.50|-0.11|-0.47|-0.14
1022|1018957384579925|0.47|-0.12|-0.45|-0.04
1023|1018957404815716|0.41|-0.09|-0.40|-0.00
1024|1018957424968925|0.33|-0.06|-0.32|0.05
1025|1018957446066466|0.28|-0.05|-0.25|0.12
1026|1018957464655341|0.24|-0.05|-0.18|0.14
1027|1018957484494175|0.26|-0.03|-0.13|0.22
1028|1018957504661383|0.33|0.06|-0.08|0.32
1029|1018957525657300|0.39|0.06|-0.03|0.38
1030|1018957544833008|0.41|0.04|0.01|0.41
1031|1018957564771341|0.44|0.06|0.02|0.44
1032|1018957584984175|0.49|0.09|0.01|0.48
1033|1018957604556008|0.50|0.10|0.01|0.49
1034|1018957624687383|0.46|0.09|0.04|0.45
1035|1018957645306508|0.42|0.12|0.04|0.40
1036|1018957664909216|0.37|0.12|0.02|0.35
1037|1018957684697633|0.34|0.10|-0.01|0.32
1038|1018957704735883|0.33|0.11|-0.05|0.30
1039|1018957724753216|0.31|0.09|-0.08|0.29
1040|1018957745437425|0.29|0.06|-0.12|0.25
1041|1018957765850175|0.25|0.06|-0.14|0.20
1042|1018957784546050|0.22|0.04|-0.16|0.14
1043|1018957804550883|0.21|0.02|-0.18|0.11
1044|1018957825034633|0.20|0.00|-0.19|0.07
1045|1018957845908508|0.21|-0.05|-0.20|0.03
1046|1018957865437342|0.22|-0.07|-0.21|-0.00
1047|1018957884934050|0.23|-0.10|-0.20|-0.05
1048|1018957904714425|0.24|-0.11|-0.17|-0.13
1049|1018957924675717|0.24|-0.11|-0.15|-0.15
1050|1018957945054092|0.22|-0.11|-0.15|-0.12
1051|1018957964864217|0.21|-0.12|-0.14|-0.09
1052|1018957984895550|0.17|-0.12|-0.12|-0.05
1053|1018958004904842|0.11|-0.09|-0.07|-0.01
1054|1018958024660842|0.06|-0.05|-0.01|0.02
1055|1018958044793133|0.09|-0.01|0.00|0.09
1056|1018958065691800|0.18|0.01|-0.01|0.18
1057|1018958085041050|0.28|0.03|-0.02|0.27
1058|1018958104744300|0.39|0.03|-0.03|0.38
1059|1018958124815967|0.44|-0.01|-0.05|0.43
1060|1018958144656217|0.41|-0.00|-0.04|0.41
1061|1018958168167175|0.36|0.01|-0.02|0.36
1062|1018958185869050|0.31|0.03|-0.01|0.31
1063|1018958205347175|0.27|0.03|0.02|0.26
1064|1018958225303842|0.24|0.04|0.05|0.23
1065|1018958247535217|0.22|0.04|0.07|0.21
1066|1018958265567008|0.17|0.06|0.10|0.12
1067|1018958286035258|0.17|0.09|0.14|0.04
1068|1018958304972008|0.19|0.09|0.17|-0.02
1069|1018958325006383|0.20|0.05|0.18|-0.08
1070|1018958345052717|0.21|0.04|0.17|-0.12
1071|1018958364962842|0.26|0.00|0.16|-0.20
1072|1018958385588383|0.35|-0.05|0.17|-0.30
1073|1018958404876550|0.41|-0.09|0.16|-0.37
1074|1018958425391592|0.46|-0.10|0.14|-0.43
1075|1018958444598758|0.47|-0.13|0.10|-0.44
1076|1018958464771133|0.42|-0.16|0.06|-0.38
1077|1018958486575800|0.30|-0.12|0.01|-0.28
1078|1018958505085717|0.26|-0.11|-0.01|-0.24
1079|1018958524659259|0.25|-0.11|-0.01|-0.23
1080|1018958544746550|0.18|-0.08|-0.03|-0.16
1081|1018958564788800|0.14|-0.11|-0.03|-0.08
1082|1018958584976259|0.18|-0.17|-0.04|-0.04
1083|1018958604921175|0.21|-0.20|-0.03|-0.04
1084|1018958625092175|0.23|-0.22|-0.02|-0.07
1085|1018958644617092|0.27|-0.26|-0.02|-0.07
1086|1018958665606925|0.32|-0.31|-0.01|-0.09
1087|1018958685171009|0.34|-0.33|-0.02|-0.06
1088|1018958705393884|0.33|-0.32|-0.04|-0.05
1089|1018958724933842|0.33|-0.32|-0.04|-0.06
1090|1018958744863050|0.34|-0.33|-0.03|-0.07
1091|1018958764872967|0.29|-0.28|-0.04|-0.05
1092|1018958784918467|0.22|-0.21|-0.05|-0.02
1093|1018958805011009|0.17|-0.16|-0.06|-0.02
1094|1018958825029884|0.17|-0.16|-0.05|-0.06
1095|1018958844812009|0.18|-0.14|-0.05|-0.10
1096|1018958864727759|0.18|-0.13|-0.04|-0.12
1097|1018958885312384|0.18|-0.09|-0.03|-0.14
1098|1018958904886509|0.14|-0.01|-0.03|-0.14
1099|1018958925151509|0.15|0.04|-0.03|-0.14
1100|1018958945325842|0.13|0.04|-0.02|-0.12
1101|1018958964735009|0.08|0.04|-0.03|-0.06
1102|1018958984679842|0.08|0.07|-0.04|0.02
1103|1018959004766134|0.10|0.08|-0.04|0.04
1104|1018959025762009|0.14|0.12|-0.04|0.06
1105|1018959044951259|0.16|0.14|-0.01|0.07
1106|1018959065413342|0.19|0.18|0.02|0.06
1107|1018959085370300|0.22|0.21|0.07|0.03
1108|1018959105198634|0.26|0.24|0.11|0.01
1109|1018959125601342|0.30|0.27|0.12|-0.01
1110|1018959145991884|0.29|0.25|0.15|-0.03
1111|1018959164566884|0.27|0.22|0.16|-0.04
1112|1018959185192009|0.25|0.18|0.17|-0.05
1113|1018959204757634|0.22|0.16|0.15|-0.04
1114|1018959225333842|0.19|0.15|0.11|-0.00
1115|1018959245177134|0.13|0.10|0.09|-0.00
1116|1018959265077926|0.10|0.02|0.10|-0.01
1117|1018959284424634|0.12|-0.06|0.10|-0.02
1118|1018959304507092|0.13|-0.09|0.10|-0.01
1119|1018959324918176|0.13|-0.10|0.08|0.02
1120|1018959345040384|0.16|-0.14|0.07|0.00
1121|1018959364744842|0.23|-0.22|0.08|-0.02
1122|1018959384753801|0.29|-0.27|0.09|-0.03
1123|1018959405353217|0.29|-0.27|0.08|-0.05
1124|1018959425217926|0.26|-0.24|0.06|-0.06
1125|1018959445550301|0.26|-0.24|0.06|-0.07
1126|1018959465490259|0.28|-0.26|0.07|-0.08
1127|1018959484881801|0.29|-0.27|0.06|-0.07
1128|1018959504935051|0.28|-0.27|0.04|-0.04
1129|1018959525317176|0.23|-0.22|0.03|-0.04
1130|1018959544918217|0.21|-0.20|0.03|-0.06
1131|1018959565472092|0.22|-0.21|0.01|-0.05
1132|1018959584946134|0.21|-0.20|-0.01|-0.01
1133|1018959604446801|0.15|-0.15|-0.02|-0.00
1134|1018959625137842|0.09|-0.08|-0.03|-0.01
1135|1018959645916967|0.06|-0.05|-0.02|-0.02
1136|1018959664901384|0.04|-0.02|-0.02|-0.01
1137|1018959685124092|0.03|-0.00|-0.02|-0.03
1138|1018959704532676|0.07|0.04|-0.02|-0.05
1139|1018959724698759|0.11|0.10|-0.02|-0.05
1140|1018959744729092|0.11|0.11|-0.01|-0.03
1141|1018959765772801|0.09|0.09|-0.00|-0.02
1142|1018959784863384|0.10|0.08|-0.01|-0.05
1143|1018959805007092|0.11|0.10|-0.02|-0.05
1144|1018959824701301|0.14|0.14|-0.03|-0.03
1145|1018959844953217|0.16|0.15|-0.04|0.00
1146|1018959865824801|0.13|0.12|-0.05|-0.00
1147|1018959885146634|0.11|0.09|-0.05|-0.02
1148|1018959904629009|0.13|0.11|-0.07|-0.02
1149|1018959924759926|0.16|0.14|-0.08|-0.01
1150|1018959944810051|0.14|0.12|-0.07|-0.02
1151|1018959965394009|0.11|0.09|-0.06|-0.03
1152|1018959985353509|0.13|0.11|-0.07|0.01
1153|1018960004816884|0.14|0.12|-0.08|0.02
1154|1018960024586051|0.15|0.13|-0.08|0.02
1155|1018960044879051|0.15|0.12|-0.07|0.01
1156|1018960065157718|0.14|0.12|-0.07|0.01
1157|1018960084861426|0.12|0.11|-0.04|0.00
1158|1018960105877426|0.12|0.12|-0.03|-0.00
1159|1018960125194468|0.12|0.11|-0.03|-0.02
1160|1018960145156718|0.12|0.11|-0.03|-0.01
1161|1018960164832801|0.10|0.10|-0.03|0.00
1162|1018960184511218|0.10|0.09|-0.03|0.02
1163|1018960204787009|0.10|0.08|-0.04|0.04
1164|1018960224788801|0.09|0.07|-0.03|0.04
1165|1018960244293676|0.07|0.07|-0.01|0.02
1166|1018960264751884|0.07|0.07|0.01|-0.01
1167|1018960284878134|0.07|0.06|0.01|-0.03
1168|1018960304568926|0.07|0.07|0.00|-0.02
1169|1018960324290801|0.05|0.04|0.01|-0.04
1170|1018960344713968|0.08|0.07|0.00|-0.05
1171|1018960364793843|0.13|0.09|0.00|-0.09
1172|1018960385724676|0.16|0.10|0.01|-0.12
1173|1018960404838134|0.16|0.11|-0.01|-0.11
1174|1018960425154009|0.13|0.09|-0.02|-0.09
1175|1018960444304926|0.11|0.08|-0.03|-0.07
1176|1018960467432676|0.12|0.10|-0.04|-0.05
1177|1018960484277634|0.13|0.12|-0.05|-0.03
1178|1018960504346759|0.11|0.10|-0.04|-0.03
1179|1018960524755343|0.10|0.09|-0.03|-0.02
1180|1018960546025176|0.10|0.10|-0.02|-0.02
1181|1018960565158176|0.12|0.10|0.00|-0.06
1182|1018960586080259|0.10|0.08|0.02|-0.06
1183|1018960605954093|0.07|0.07|-0.00|0.01
1184|1018960626355801|0.13|0.09|-0.05|0.08
1185|1018960646767801|0.15|0.10|-0.09|0.08
1186|1018960664622635|0.17|0.13|-0.11|0.03
1187|1018960684819718|0.21|0.18|-0.11|-0.00
1188|1018960704693593|0.22|0.21|-0.08|-0.02
1189|1018960725812760|0.24|0.23|-0.06|-0.03
1190|1018960746348176|0.28|0.27|-0.03|-0.05
1191|1018960764664468|0.28|0.27|-0.02|-0.05
1192|1018960784171635|0.27|0.27|-0.01|-0.05
1193|1018960804433218|0.23|0.22|-0.01|-0.03
1194|1018960824695968|0.19|0.19|-0.02|-0.02
1195|1018960844391301|0.15|0.15|-0.02|-0.02
1196|1018960864215926|0.14|0.14|-0.01|0.02
1197|1018960884540010|0.20|0.18|-0.02|0.09
1198|1018960904976718|0.26|0.21|-0.03|0.15
1199|1018960925617718|0.27|0.24|-0.02|0.12
1200|1018960945102926|0.23|0.22|-0.01|0.05
1201|1018960964469635|0.15|0.15|0.00|-0.02
1202|1018960984265093|0.14|0.12|0.01|-0.07
1203|1018961004518676|0.15|0.11|-0.00|-0.09
1204|1018961024513635|0.15|0.10|-0.01|-0.11
1205|1018961044817468|0.11|0.06|-0.05|-0.07
1206|1018961064401593|0.08|0.04|-0.07|0.00
1207|1018961084446051|0.11|0.03|-0.09|0.04
1208|1018961104393093|0.09|0.01|-0.08|0.03
1209|1018961124663635|0.07|-0.03|-0.06|0.02
1210|1018961144393260|0.10|-0.10|-0.03|-0.02
1211|1018961164606676|0.22|-0.19|0.02|-0.10
1212|1018961184376176|0.28|-0.22|0.06|-0.16
1213|1018961204234176|0.32|-0.23|0.08|-0.19
1214|1018961224176635|0.30|-0.24|0.07|-0.17
1215|1018961244378551|0.29|-0.28|0.04|-0.08
1216|1018961264023551|0.30|-0.30|0.00|0.01
1217|1018961284086176|0.29|-0.28|-0.02|0.05
1218|1018961304285593|0.23|-0.23|-0.00|0.01
1219|1018961324088177|0.17|-0.17|0.01|-0.00
1220|1018961344043052|0.17|-0.15|-0.01|0.07
1221|1018961364538718|0.22|-0.16|-0.03|0.15
1222|1018961384391010|0.20|-0.14|-0.03|0.14
1223|1018961404276802|0.13|-0.13|0.01|-0.02
1224|1018961424422552|0.24|-0.13|0.06|-0.19
1225|1018961446095468|0.31|-0.17|0.08|-0.25
1226|1018961464444843|0.31|-0.22|0.05|-0.21
1227|1018961484607677|0.25|-0.23|-0.01|-0.09
1228|1018961504373718|0.24|-0.23|-0.05|0.02
1229|1018961524341885|0.24|-0.23|-0.06|0.05
1230|1018961545917302|0.21|-0.19|-0.05|0.07
1231|1018961564516177|0.18|-0.14|-0.04|0.11
1232|1018961584588552|0.13|-0.08|-0.01|0.10
1233|1018961604347968|0.07|-0.03|0.04|0.04
1234|1018961624402468|0.12|-0.02|0.11|-0.06
1235|1018961644475468|0.21|-0.04|0.14|-0.15
1236|1018961665361802|0.24|-0.06|0.13|-0.19
1237|1018961684384885|0.23|-0.08|0.10|-0.19
1238|1018961704272885|0.19|-0.09|0.07|-0.16
1239|1018961724662843|0.11|-0.09|0.02|-0.07
1240|1018961744474302|0.10|-0.09|-0.04|0.01
1241|1018961764687718|0.12|-0.07|-0.07|0.06
1242|1018961784537927|0.10|-0.03|-0.08|0.05
1243|1018961804612093|0.07|-0.01|-0.07|0.03
1244|1018961824343218|0.07|0.03|-0.06|0.02
1245|1018961844744260|0.07|0.06|-0.05|-0.02
1246|1018961865529760|0.09|0.08|-0.03|-0.04
1247|1018961884455677|0.12|0.08|-0.01|-0.09
1248|1018961904333468|0.11|0.07|-0.02|-0.07
1249|1018961924444635|0.05|0.03|-0.03|-0.03
1250|1018961944464218|0.04|-0.02|-0.03|-0.00
1251|1018961964681385|0.03|0.00|-0.03|0.00
1252|1018961984569593|0.05|0.03|-0.05|-0.00
1253|1018962004412052|0.07|0.03|-0.06|0.00
1254|1018962024484302|0.09|0.03|-0.08|0.02
1255|1018962044696135|0.12|0.05|-0.10|0.05
1256|1018962064671635|0.12|0.07|-0.09|0.04
1257|1018962084931177|0.14|0.10|-0.09|0.02
1258|1018962104242469|0.13|0.10|-0.08|0.02
1259|1018962124736760|0.12|0.09|-0.07|0.03
1260|1018962144703719|0.10|0.07|-0.05|0.04
1261|1018962164889594|0.10|0.08|-0.05|0.04
1262|1018962185793594|0.12|0.09|-0.05|0.05
1263|1018962204824927|0.10|0.08|-0.04|0.05
1264|1018962225314510|0.06|0.03|-0.03|0.04
1265|1018962244589594|0.05|0.01|-0.03|0.03
1266|1018962264918385|0.04|0.02|-0.03|0.00
1267|1018962284468177|0.05|0.03|-0.03|-0.01
1268|1018962305005677|0.04|0.02|-0.04|-0.01
1269|1018962325045510|0.04|0.00|-0.04|0.01
1270|1018962344790677|0.02|0.00|-0.02|-0.01
1271|1018962364656969|0.06|0.03|0.01|-0.06
1272|1018962384728927|0.08|0.02|0.03|-0.08
1273|1018962405241885|0.09|0.02|0.04|-0.08
1274|1018962426217135|0.12|0.04|0.06|-0.09
1275|1018962444999760|0.16|0.01|0.10|-0.12
1276|1018962464596385|0.24|0.00|0.17|-0.16
1277|1018962484680677|0.36|0.07|0.26|-0.24
1278|1018962505261552|0.53|0.12|0.35|-0.38
1279|1018962525442635|0.69|0.14|0.44|-0.52
1280|1018962545592094|0.72|0.11|0.45|-0.55
1281|1018962564817927|0.62|0.05|0.40|-0.47
1282|1018962584697219|0.52|0.00|0.33|-0.40
1283|1018962604976885|0.49|-0.04|0.27|-0.41
1284|1018962625092344|0.42|-0.09|0.22|-0.35
1285|1018962645041760|0.39|-0.20|0.16|-0.29
1286|1018962664722385|0.41|-0.24|0.09|-0.32
1287|1018962684637844|0.33|-0.19|-0.06|-0.26
1288|1018962704699302|0.34|-0.19|-0.24|-0.14
1289|1018962725650261|0.44|-0.20|-0.39|-0.01
1290|1018962745130594|0.57|-0.10|-0.54|0.13
1291|1018962764776719|0.65|0.01|-0.64|0.08
1292|1018962784469386|0.69|0.13|-0.68|-0.04
1293|1018962804839594|0.75|0.25|-0.70|-0.13
1294|1018962825257469|0.81|0.34|-0.72|-0.08
1295|1018962845050136|0.85|0.36|-0.77|0.05
1296|1018962865363552|0.92|0.37|-0.82|0.16
1297|1018962884768844|0.90|0.42|-0.78|0.18
1298|1018962904920719|0.83|0.44|-0.69|0.15
1299|1018962925300011|0.77|0.42|-0.61|0.20
1300|1018962945188136|0.70|0.40|-0.53|0.24
1301|1018962964753844|0.58|0.33|-0.44|0.17
1302|1018962984799969|0.45|0.27|-0.36|0.02
1303|1018963004851511|0.37|0.25|-0.26|-0.08
1304|1018963025185677|0.31|0.24|-0.20|-0.04
1305|1018963045449927|0.31|0.26|-0.16|0.01
1306|1018963064930427|0.29|0.28|-0.07|-0.07
1307|1018963084686636|0.27|0.27|0.00|-0.06
1308|1018963104954511|0.25|0.24|0.05|-0.04
1309|1018963124950261|0.22|0.20|0.07|0.01
1310|1018963145015469|0.22|0.20|0.09|0.02
1311|1018963164963719|0.24|0.19|0.15|-0.05
1312|1018963184769427|0.31|0.16|0.21|-0.17
1313|1018963204594344|0.36|0.16|0.23|-0.23
1314|1018963224923261|0.34|0.13|0.23|-0.21
1315|1018963247119677|0.31|0.04|0.21|-0.22
1316|1018963265368594|0.27|-0.02|0.16|-0.22
1317|1018963285193302|0.21|-0.08|0.14|-0.14
1318|1018963306265636|0.11|-0.06|0.06|-0.06
1319|1018963324696386|0.06|-0.05|-0.02|0.02
1320|1018963344756636|0.15|-0.09|-0.08|0.09
1321|1018963364446511|0.21|-0.05|-0.14|0.14
1322|1018963384640469|0.17|-0.05|-0.15|0.06
1323|1018963404600803|0.21|-0.06|-0.19|0.07
1324|1018963424938303|0.32|-0.11|-0.26|0.16
1325|1018963444980928|0.48|-0.18|-0.36|0.26
1326|1018963466385844|0.55|-0.24|-0.47|0.15
1327|1018963484973053|0.58|-0.25|-0.52|0.02
1328|1018963505030053|0.58|-0.22|-0.52|0.11
1329|1018963524697886|0.71|-0.28|-0.59|0.27
1330|1018963544644636|0.96|-0.36|-0.77|0.45
1331|1018963566158219|1.13|-0.49|-0.91|0.47
1332|1018963586548594|1.20|-0.60|-0.94|0.45
1333|1018963609340928|1.16|-0.52|-0.97|0.37
1334|1018963624625844|1.11|-0.34|-1.03|0.25
1335|1018963644446178|1.06|-0.23|-1.04|0.01
1336|1018963664719553|1.04|-0.13|-1.02|-0.16
1337|1018963684415386|1.03|-0.03|-1.01|-0.23
1338|1018963705302303|1.06|0.06|-1.04|-0.22
1339|1018963725538594|1.03|0.10|-1.03|-0.02
1340|1018963744403511|1.13|0.10|-1.09|0.27
1341|1018963766110886|1.14|0.05|-1.07|0.40
1342|1018963785342011|1.09|-0.02|-0.98|0.48
1343|1018963805464303|1.03|-0.07|-0.90|0.49
1344|1018963824664011|0.92|-0.08|-0.81|0.42
1345|1018963844544261|0.79|-0.02|-0.71|0.33
1346|1018963866122386|0.63|0.02|-0.58|0.24
1347|1018963885413719|0.58|0.17|-0.52|0.19
1348|1018963905722011|0.51|0.28|-0.41|0.14
1349|1018963925086594|0.50|0.17|-0.38|0.29
1350|1018963944865803|0.77|-0.02|-0.58|0.51
1351|1018963964836969|0.94|-0.25|-0.59|0.69
1352|1018963985626719|0.93|-0.52|-0.49|0.60
1353|1018964004943594|0.72|-0.38|-0.38|0.49
1354|1018964024788886|0.50|-0.20|-0.20|0.41
1355|1018964044677219|0.32|-0.03|0.05|0.32
1356|1018964064963511|0.40|0.04|0.33|0.23
1357|1018964085275053|0.45|-0.01|0.43|0.13
1358|1018964106106720|0.51|-0.05|0.50|0.06
1359|1018964125495511|0.71|-0.14|0.69|0.07
1360|1018964144763428|0.78|-0.27|0.73|0.05
1361|1018964165020761|0.90|-0.31|0.84|0.09
1362|1018964185272470|0.95|-0.34|0.87|0.15
1363|1018964204947595|0.72|-0.33|0.62|0.18
1364|1018964224985178|0.50|-0.28|0.37|0.20
1365|1018964245226386|0.43|-0.18|0.31|0.24
1366|1018964266279470|0.39|-0.09|0.26|0.28
1367|1018964284856928|0.28|-0.19|0.12|0.16
1368|1018964304843053|0.26|-0.23|-0.01|0.14
1369|1018964325256261|0.28|-0.19|0.09|0.19
1370|1018964344609095|0.37|-0.20|0.26|0.17
1371|1018964365206553|0.57|-0.31|0.48|0.08
1372|1018964384585761|0.61|-0.51|0.33|-0.06
1373|1018964405237970|0.91|-0.89|-0.20|-0.06
1374|1018964425309720|1.09|-1.05|-0.32|-0.00
1375|1018964445414470|1.18|-1.18|-0.10|-0.03
1376|1018964464497803|1.38|-1.37|0.03|-0.20
1377|1018964484966845|1.55|-1.49|-0.31|-0.25
1378|1018964505783886|1.64|-1.49|-0.62|-0.29
1379|1018964524929386|1.19|-1.12|-0.28|-0.30
1380|1018964545182220|0.90|-0.86|0.01|-0.27
1381|1018964564746595|1.03|-0.97|-0.15|-0.32
1382|1018964584852636|1.10|-0.91|-0.45|-0.41
1383|1018964605306553|1.02|-0.26|-0.89|-0.41
1384|1018964627824595|1.23|0.21|-1.16|-0.33
1385|1018964644978261|1.24|0.50|-1.09|-0.34
1386|1018964664731470|1.13|0.59|-0.87|-0.40
1387|1018964684822803|1.14|0.75|-0.74|-0.45
1388|1018964704826178|1.05|0.82|-0.53|-0.38
1389|1018964725313761|0.93|0.77|-0.41|-0.31
1390|1018964747657345|0.83|0.72|-0.34|-0.24
1391|1018964764861303|0.71|0.69|-0.03|-0.18
1392|1018964784776262|0.69|0.46|0.50|-0.15
1393|1018964804736928|0.99|0.41|0.88|-0.16
1394|1018964825313345|1.09|0.45|0.98|-0.13
1395|1018964845352220|1.03|0.53|0.88|-0.01
1396|1018964865791012|0.97|0.64|0.72|0.08
1397|1018964884938137|0.92|0.68|0.61|0.14
1398|1018964905070803|0.76|0.54|0.51|0.18
1399|1018964925083012|0.62|0.42|0.41|0.20
1400|1018964944969553|0.51|0.36|0.29|0.21
1401|1018964965104720|0.41|0.31|0.16|0.22
1402|1018964984662095|0.33|0.24|0.10|0.20
1403|1018965004888095|0.27|0.17|0.04|0.21
1404|1018965024982970|0.26|0.17|0.07|0.18
1405|1018965048057845|0.25|0.17|0.07|0.16
1406|1018965065799970|0.31|0.23|-0.04|0.20
1407|1018965084944262|0.33|0.21|-0.13|0.22
1408|1018965104915553|0.31|0.18|-0.13|0.21
1409|1018965125115012|0.28|0.16|-0.12|0.20
1410|1018965150070512|0.26|0.12|-0.14|0.18
1411|1018965166186178|0.31|0.13|-0.21|0.18
1412|1018965185004137|0.35|0.17|-0.24|0.20
1413|1018965204963970|0.32|0.17|-0.19|0.19
1414|1018965225162928|0.25|0.16|-0.09|0.16
1415|1018965246606845|0.23|0.19|-0.07|0.12
1416|1018965265141762|0.19|0.15|-0.08|0.09
1417|1018965284933595|0.20|0.16|-0.10|0.07
1418|1018965305109220|0.20|0.17|-0.08|0.07
1419|1018965325210178|0.16|0.14|-0.01|0.06
1420|1018965345248303|0.11|0.09|0.01|0.06
1421|1018965364996637|0.11|0.06|-0.04|0.08
1422|1018965385198387|0.15|0.07|-0.08|0.10
1423|1018965405031095|0.16|0.09|-0.09|0.10
1424|1018965424967678|0.11|0.05|-0.05|0.08
1425|1018965444961512|0.05|-0.02|-0.02|0.04
1426|1018965465522470|0.06|-0.06|-0.00|0.02
1427|1018965485726887|0.07|-0.04|0.05|-0.02
1428|1018965505198345|0.10|-0.02|0.09|-0.04
1429|1018965524660720|0.08|0.01|0.08|-0.01
1430|1018965544651970|0.10|0.03|0.09|-0.02
1431|1018965565569095|0.11|0.04|0.10|-0.03
1432|1018965586264845|0.12|0.03|0.08|-0.09
1433|1018965605072887|0.17|-0.05|0.01|-0.16
1434|1018965624608179|0.17|-0.08|0.05|-0.15
1435|1018965644969554|0.23|-0.00|0.21|-0.09
1436|1018965664619929|0.32|0.13|0.30|-0.04
1437|1018965684840179|0.44|0.28|0.34|0.01
1438|1018965704983845|0.40|0.31|0.24|0.09
1439|1018965724775429|0.33|0.27|0.18|0.07
1440|1018965744635595|0.29|0.25|0.16|-0.00
