0|1018330468485251|2.52
1|1018330487840126|2.44
2|1018330508012667|2.44
3|1018330527894459|2.37
4|1018330547903417|2.34
5|1018330567905584|2.44
6|1018330587865126|2.53
7|1018330607992876|2.61
8|1018330628054542|2.59
9|1018330648046626|2.41
10|1018330667882542|2.17
11|1018330688018084|1.98
12|1018330707901834|1.78
13|1018330727888501|1.62
14|1018330748525876|1.45
15|1018330767930876|1.24
16|1018330788102084|1.01
17|1018330808120293|0.99
18|1018330827943001|0.97
19|1018330847981501|0.95
20|1018330868073668|0.99
21|1018330888114001|1.08
22|1018330907917793|1.09
23|1018330928027626|1.30
24|1018330947937251|1.64
25|1018330968197126|1.51
26|1018330988175043|1.26
27|1018331007923168|1.17
28|1018331028076668|1.20
29|1018331048081584|1.23
30|1018331068571584|1.13
31|1018331088773709|1.06
32|1018331108789334|1.08
33|1018331129214668|1.03
34|1018331148132793|0.80
35|1018331170681459|0.57
36|1018331188215584|0.77
37|1018331208189501|1.00
38|1018331228301834|1.36
39|1018331248540918|1.35
40|1018331268268293|1.36
41|1018331288702126|1.60
42|1018331308394084|1.80
43|1018331328364918|1.77
44|1018331348366668|1.44
45|1018331368593043|1.00
46|1018331388351584|0.56
47|1018331409031334|0.36
48|1018331428740709|0.54
49|1018331448918960|0.77
50|1018331469439585|0.83
51|1018331488639918|0.82
52|1018331508653793|0.75
53|1018331529083960|0.74
54|1018331548266793|1.04
55|1018331569338335|1.71
56|1018331589578626|2.46
57|1018331609969960|3.02
58|1018331628245418|2.93
59|1018331650061751|2.44
60|1018331668238751|1.83
61|1018331688328626|1.42
62|1018331708446126|1.27
63|1018331729212501|1.26
64|1018331748263085|1.20
65|1018331768439168|0.94
66|1018331788426793|0.66
67|1018331809063251|0.74
68|1018331828632210|1.17
69|1018331848606043|1.67
70|1018331868749126|1.95
71|1018331888449210|1.97
72|1018331908574293|1.67
73|1018331929030626|1.34
74|1018331948496168|1.15
75|1018331968554168|1.12
76|1018331988664335|1.15
77|1018332009354085|1.06
78|1018332028496751|0.94
79|1018332048408501|0.97
80|1018332069082251|1.11
81|1018332088490876|1.11
82|1018332108662293|1.06
83|1018332129178876|1.08
84|1018332148472043|1.04
85|1018332168565793|1.09
86|1018332188413627|1.23
87|1018332208765877|1.24
88|1018332228429418|1.10
89|1018332248656085|0.84
90|1018332268579502|0.53
91|1018332288624668|0.31
92|1018332308780002|0.35
93|1018332328588627|0.50
94|1018332348998335|0.58
95|1018332368954710|0.53
96|1018332388604293|0.56
97|1018332408642668|0.78
98|1018332428397585|1.08
99|1018332448897918|1.31
100|1018332468521418|1.46
101|1018332488823960|1.50
102|1018332508662793|1.38
103|1018332528581335|1.11
104|1018332548682460|0.94
105|1018332569027877|0.95
106|1018332588449377|1.04
107|1018332608806085|1.12
108|1018332628417877|1.14
109|1018332649674293|1.04
110|1018332668614752|0.89
111|1018332689198418|0.93
112|1018332708236877|1.15
113|1018332728493168|1.22
114|1018332748213752|1.06
115|1018332768984668|0.92
116|1018332789020668|0.98
117|1018332808414543|1.24
118|1018332828644335|1.47
119|1018332848434960|1.53
120|1018332869078252|1.41
121|1018332888566919|1.22
122|1018332908922460|1.04
123|1018332928639835|0.91
124|1018332949029627|0.72
125|1018332970142044|0.55
126|1018332988644585|0.47
127|1018333008873710|0.60
128|1018333028673835|0.91
129|1018333048297294|1.14
130|1018333068696210|1.22
131|1018333089209585|1.18
132|1018333108577085|1.07
133|1018333128656627|0.92
134|1018333148786544|0.76
135|1018333168646502|0.60
136|1018333189115335|0.47
137|1018333208761669|0.44
138|1018333228512294|0.52
139|1018333248484002|0.64
140|1018333269034169|0.90
141|1018333288590752|1.10
142|1018333308991919|1.05
143|1018333329277460|1.06
144|1018333348266919|1.06
145|1018333368889460|1.07
146|1018333388691377|1.13
147|1018333409033460|1.12
148|1018333428612502|0.96
149|1018333448495002|0.73
150|1018333468650627|0.58
151|1018333489138835|0.55
152|1018333509311919|0.65
153|1018333528375335|0.68
154|1018333548435627|0.58
155|1018333569007586|0.61
156|1018333589286086|0.83
157|1018333608884377|1.13
158|1018333630237502|1.37
159|1018333649298502|1.42
160|1018333668883294|1.33
161|1018333689314502|1.19
162|1018333709146377|1.14
163|1018333729127336|1.06
164|1018333748998836|0.91
165|1018333769087336|0.69
166|1018333789465002|0.53
167|1018333812462419|0.37
168|1018333829721586|0.28
169|1018333848959336|0.40
170|1018333869268044|0.41
171|1018333889209752|0.37
172|1018333908909627|0.60
173|1018333928992544|1.00
174|1018333949287294|1.45
175|1018333969325961|1.60
176|1018333989949336|1.42
177|1018334009058294|1.35
178|1018334028826919|1.31
179|1018334049604419|1.18
180|1018334069141086|0.99
181|1018334089532127|0.81
182|1018334109246836|0.71
183|1018334129966252|0.60
184|1018334151036752|0.56
185|1018334169170919|0.72
186|1018334189503294|0.89
187|1018334208838127|0.97
188|1018334228862127|1.00
189|1018334249049836|1.03
190|1018334269077836|0.97
191|1018334289515211|0.86
192|1018334309232794|0.74
193|1018334329001253|0.64
194|1018334349864461|0.54
195|1018334369882253|0.48
196|1018334388884086|0.58
197|1018334409662378|0.88
198|1018334428894169|1.05
199|1018334453410544|0.95
200|1018334469879753|0.95
201|1018334491766503|1.14
202|1018334509076253|1.32
203|1018334529300836|1.41
204|1018334549476586|1.31
205|1018334569433336|1.06
206|1018334589538128|0.85
207|1018334609241919|0.66
208|1018334629126711|0.54
209|1018334648777419|0.54
210|1018334670185711|0.53
211|1018334689161961|0.51
212|1018334709680253|0.61
213|1018334729276794|0.78
214|1018334749435378|0.82
215|1018334770088503|0.77
216|1018334791107836|0.80
217|1018334809359961|0.86
218|1018334829856586|0.89
219|1018334849355169|0.91
220|1018334869429711|0.94
221|1018334889819669|0.98
222|1018334909815253|0.99
223|1018334929384211|0.86
224|1018334949576878|0.66
225|1018334968869253|0.58
226|1018334989047253|0.79
227|1018335009153461|1.04
228|1018335028613628|1.14
229|1018335048609045|1.11
230|1018335068998920|0.96
231|1018335088958628|0.86
232|1018335109601170|1.03
233|1018335129293128|1.26
234|1018335149149420|1.41
235|1018335169174628|1.37
236|1018335189311836|1.15
237|1018335211902128|0.86
238|1018335229299670|0.67
239|1018335249300836|0.71
240|1018335269005211|0.70
241|1018335290018711|0.52
242|1018335311603170|0.32
243|1018335332394753|0.29
244|1018335351535211|0.46
245|1018335368668753|0.83
246|1018335388892461|1.20
247|1018335409121211|1.42
248|1018335428893961|1.46
249|1018335450100836|1.42
250|1018335468979003|1.41
251|1018335489341461|1.36
252|1018335509145211|1.32
253|1018335529657878|1.05
254|1018335550001253|0.76
255|1018335568768670|0.47
256|1018335588710461|0.43
257|1018335608977545|0.73
258|1018335631930170|0.96
259|1018335650065253|1.04
260|1018335668984128|1.12
261|1018335689411170|1.27
262|1018335708730962|1.45
263|1018335728687462|1.47
264|1018335749419712|1.32
265|1018335768676420|1.12
266|1018335789087212|0.92
267|1018335808622670|0.67
268|1018335830291087|0.54
269|1018335850424837|0.54
270|1018335869212962|0.57
271|1018335892584545|0.68
272|1018335909280170|0.61
273|1018335929050295|0.54
274|1018335949919587|0.72
275|1018335968953753|1.04
276|1018335989500795|1.27
277|1018336009307337|1.38
278|1018336028975170|1.39
279|1018336050231670|1.39
280|1018336068996503|1.44
281|1018336089736087|1.48
282|1018336109361587|1.37
283|1018336128592462|1.12
284|1018336148886253|0.94
285|1018336168886253|0.80
286|1018336177274128|0.74
287|1018336189737087|0.61
288|1018336209280378|0.52
289|1018336229026462|0.49
290|1018336250249670|0.44
291|1018336270823837|0.42
292|1018336289461212|0.46
293|1018336309369045|0.48
294|1018336328906587|0.47
295|1018336350705170|0.62
296|1018336370245462|0.85
297|1018336390074670|1.04
298|1018336409689379|1.18
299|1018336429292129|1.24
300|1018336449135629|1.12
301|1018336469590087|0.80
302|1018336489349170|0.47
303|1018336509285587|0.33
304|1018336529274837|0.31
305|1018336550472337|0.31
306|1018336571186837|0.40
307|1018336588966129|0.52
308|1018336608758587|0.61
309|1018336629450004|0.74
310|1018336649185962|0.92
311|1018336668980712|1.08
312|1018336690232795|1.11
313|1018336710266837|1.04
314|1018336729697712|0.88
315|1018336749425045|0.63
316|1018336769065920|0.37
317|1018336789629962|0.21
318|1018336809205587|0.25
319|1018336829734254|0.46
320|1018336848727795|0.60
321|1018336869740795|0.62
322|1018336890611670|0.71
323|1018336908621879|0.94
324|1018336929038420|1.37
325|1018336948980170|1.94
326|1018336969474212|2.26
327|1018336990255670|2.20
328|1018337012648712|1.86
329|1018337029947670|1.21
330|1018337049405629|0.81
331|1018337069134254|0.69
332|1018337091178796|0.59
333|1018337109458629|0.48
334|1018337129967754|0.48
335|1018337149221962|0.56
336|1018337169816837|0.62
337|1018337189759546|0.59
338|1018337209780254|0.56
339|1018337230643212|0.68
340|1018337249205587|0.96
341|1018337269213254|1.19
342|1018337289072796|1.34
343|1018337309484296|1.37
344|1018337333891587|1.40
345|1018337349320879|1.45
346|1018337369009712|1.45
347|1018337389083212|1.33
348|1018337409444379|1.08
349|1018337430194671|0.81
350|1018337449904712|0.68
351|1018337469611337|0.69
352|1018337489494004|0.74
353|1018337509207129|0.91
354|1018337529191796|1.16
355|1018337549723754|1.22
356|1018337569305837|1.17
357|1018337589016837|1.17
358|1018337609450546|1.38
359|1018337629807379|1.67
360|1018337649272337|1.87
361|1018337669589004|1.90
362|1018337689203921|1.73
363|1018337709178171|1.46
364|1018337730901712|1.16
365|1018337750301421|0.94
366|1018337769089004|0.85
367|1018337789561129|0.84
368|1018337809132046|0.81
369|1018337829945713|0.75
370|1018337851390754|0.68
371|1018337869738338|0.82
372|1018337889190254|1.07
373|1018337909281379|1.29
374|1018337929147963|1.48
375|1018337950094504|1.55
376|1018337971142838|1.55
377|1018337989311671|1.44
378|1018338009341421|1.23
379|1018338028843088|0.96
380|1018338051090088|0.75
381|1018338071192629|0.59
382|1018338089292379|0.54
383|1018338109171421|0.59
384|1018338129066671|0.72
385|1018338149030504|0.79
386|1018338170740921|0.90
387|1018338189046754|1.03
388|1018338209330963|1.11
389|1018338228993546|1.24
390|1018338251607296|1.53
391|1018338269368754|1.90
392|1018338288884796|2.06
393|1018338309856546|1.89
394|1018338329292463|1.59
395|1018338349769838|1.35
396|1018338371013629|1.29
397|1018338390020504|1.32
398|1018338409559713|1.26
399|1018338429456879|1.12
400|1018338448856880|0.94
401|1018338469012838|0.76
402|1018338489857463|0.73
403|1018338510497630|0.87
404|1018338529681921|1.10
405|1018338549766505|1.30
406|1018338570181963|1.36
407|1018338589179296|1.24
408|1018338609772005|1.12
409|1018338629395880|1.13
410|1018338649025630|1.19
411|1018338669765838|1.26
412|1018338689676880|1.24
413|1018338709331171|1.18
414|1018338730102838|1.06
415|1018338751773796|0.91
416|1018338769762296|0.82
417|1018338790256046|0.83
418|1018338809840046|0.84
419|1018338829912130|0.86
420|1018338849294255|0.97
421|1018338868990630|1.12
422|1018338889429130|1.27
423|1018338910166421|1.38
424|1018338929417046|1.49
425|1018338949128463|1.64
426|1018338968916380|1.85
427|1018338989081171|2.01
428|1018339009075046|2.02
429|1018339029294005|1.83
430|1018339049749963|1.51
431|1018339069311171|1.18
432|1018339090965880|0.81
433|1018339108973380|0.72
434|1018339129747963|0.79
435|1018339149966213|0.89
436|1018339168992672|0.99
437|1018339189308338|1.17
438|1018339209678880|1.30
439|1018339229889172|1.34
440|1018339250395463|1.38
441|1018339270132213|1.41
442|1018339290022505|1.45
443|1018339310026755|1.53
444|1018339331144088|1.52
445|1018339351096255|1.49
446|1018339369733380|1.43
447|1018339389192713|1.32
448|1018339409905963|1.20
449|1018339428842338|1.08
450|1018339450926505|1.06
451|1018339469529338|0.98
452|1018339489340713|0.92
453|1018339513633130|0.99
454|1018339534380838|1.08
455|1018339548855797|1.12
456|1018339569369547|1.22
457|1018339589359755|1.51
458|1018339609204880|1.86
459|1018339629110297|2.17
460|1018339651177213|2.00
461|1018339669395588|1.60
462|1018339689481713|1.15
463|1018339708946380|0.89
464|1018339732585880|0.76
465|1018339751975130|0.79
466|1018339769253797|0.81
467|1018339788885005|0.82
468|1018339809817213|0.75
469|1018339830191713|0.66
470|1018339850618880|0.74
471|1018339870033380|0.93
472|1018339889926922|1.14
473|1018339909195589|1.32
474|1018339929114839|1.44
475|1018339949618714|1.48
476|1018339970666172|1.48
477|1018339991364755|1.46
478|1018340009360964|1.41
479|1018340029208130|1.32
480|1018340049084714|1.20
481|1018340070275297|1.02
482|1018340089104130|0.90
483|1018340109915214|0.86
484|1018340129264964|0.87
485|1018340149367589|0.91
486|1018340170538255|1.02
487|1018340189292964|1.21
488|1018340209158047|1.34
489|1018340229410005|1.20
490|1018340249181755|1.13
491|1018340269725422|1.38
492|1018340289985797|1.68
493|1018340309932339|1.98
494|1018340329351714|2.18
495|1018340349707172|2.27
496|1018340371780005|2.22
497|1018340390861297|2.07
498|1018340409403547|1.80
499|1018340429200214|1.52
500|1018340449721547|1.23
501|1018340469298464|0.91
502|1018340490335505|0.69
503|1018340510042214|0.92
504|1018340529792630|1.32
505|1018340549278547|1.67
506|1018340570432214|1.97
507|1018340589368047|2.02
508|1018340611911589|2.07
509|1018340629734381|1.95
510|1018340649494422|1.76
511|1018340669638881|1.52
512|1018340689179089|1.32
513|1018340710254797|1.15
514|1018340730211256|1.05
515|1018340750107756|1.00
516|1018340769363714|0.93
517|1018340789120714|0.87
518|1018340811693631|0.80
519|1018340829241339|0.77
520|1018340849956589|0.82
521|1018340869280089|0.95
522|1018340889410714|1.02
523|1018340909641131|1.10
524|1018340929466006|1.53
525|1018340949118631|2.30
526|1018340969171547|2.70
527|1018340989002631|2.55
528|1018341009559714|2.19
529|1018341029416756|1.83
530|1018341049847964|1.63
531|1018341069501714|1.47
532|1018341089105589|1.27
533|1018341109184672|1.00
534|1018341130307964|0.72
535|1018341149482381|0.51
536|1018341169591714|0.51
537|1018341189404589|0.80
538|1018341209076589|1.18
539|1018341230588714|1.48
540|1018341248813839|1.63
541|1018341269116006|1.70
542|1018341289266839|1.77
543|1018341309113006|1.79
544|1018341330040339|1.75
545|1018341349362131|1.70
546|1018341370316673|1.62
547|1018341389214506|1.49
548|1018341409014089|1.31
549|1018341430269298|1.13
550|1018341452242714|0.96
551|1018341468845173|0.85
552|1018341489440381|0.86
553|1018341509566423|0.97
554|1018341530298173|1.09
555|1018341549970339|1.17
556|1018341569834214|1.15
557|1018341589252381|1.04
558|1018341608933423|0.97
559|1018341629132881|1.06
560|1018341649194048|1.51
561|1018341671368964|1.98
562|1018341691147506|2.13
563|1018341709168214|1.92
564|1018341729114006|1.55
565|1018341749757506|1.14
566|1018341770323798|1.11
567|1018341790293839|1.06
568|1018341808907631|1.01
569|1018341829360423|0.89
570|1018341849071006|0.78
571|1018341869768964|0.77
572|1018341889206214|0.97
573|1018341909151006|1.23
574|1018341929402881|1.48
575|1018341949695798|1.64
576|1018341970471423|1.67
577|1018341990018673|1.62
578|1018342008979673|1.54
579|1018342029817798|1.45
580|1018342051640840|1.41
581|1018342069297923|1.32
582|1018342089443548|1.13
583|1018342109120798|0.92
584|1018342129579215|0.73
585|1018342148922840|0.57
586|1018342169130715|0.49
587|1018342190200465|0.54
588|1018342210631631|0.68
589|1018342229436173|0.89
590|1018342248752381|1.05
591|1018342269352840|1.39
592|1018342290370798|2.09
593|1018342309146673|2.82
594|1018342329375673|3.12
595|1018342349285798|3.06
596|1018342370949590|2.73
597|1018342390497798|2.15
598|1018342409011465|1.50
599|1018342429544631|1.00
600|1018342454165298|0.79
601|1018342471687965|0.88
602|1018342489975965|0.95
603|1018342509713631|1.05
604|1018342529766215|1.17
605|1018342549016131|1.20
606|1018342568842923|1.23
607|1018342589776048|1.34
608|1018342612833881|1.36
609|1018342630021673|1.36
610|1018342649404132|1.39
611|1018342669380465|1.41
612|1018342690179090|1.39
613|1018342708975923|1.33
614|1018342729308673|1.29
615|1018342749730798|1.31
616|1018342769831632|1.36
617|1018342789196507|1.32
618|1018342809412048|1.21
619|1018342831488423|1.11
620|1018342849584465|0.97
621|1018342869862215|0.92
622|1018342889109590|0.91
623|1018342910315132|1.01
624|1018342929169007|1.16
625|1018342948937007|1.31
626|1018342969381257|1.39
627|1018342989848048|1.41
628|1018343009581632|1.54
629|1018343030263882|1.90
630|1018343049895673|2.33
631|1018343069013507|2.62
632|1018343089519757|2.65
633|1018343109019298|2.29
634|1018343129143173|1.74
635|1018343150995798|1.30
636|1018343169363840|1.07
637|1018343188948132|1.02
638|1018343209279340|1.02
639|1018343230050340|0.98
640|1018343250008590|0.98
641|1018343269228215|1.06
642|1018343290127090|1.19
643|1018343309335132|1.35
644|1018343329339132|1.48
645|1018343348982882|1.54
646|1018343369303882|1.51
647|1018343389412007|1.46
648|1018343409363674|1.42
649|1018343430274049|1.34
650|1018343452268590|1.25
651|1018343470937090|1.17
652|1018343489367174|1.09
653|1018343509087465|0.99
654|1018343531275382|0.84
655|1018343550170507|0.73
656|1018343569815382|0.65
657|1018343589089465|0.62
658|1018343609382507|0.68
659|1018343629317257|0.82
660|1018343652193715|0.97
661|1018343671793215|1.00
662|1018343689423424|1.04
663|1018343709540632|1.16
664|1018343729069590|1.47
665|1018343749967007|2.01
666|1018343770089007|2.59
667|1018343789299215|2.65
668|1018343809145840|2.12
669|1018343829606715|1.36
670|1018343850259674|0.80
671|1018343872097840|0.71
672|1018343889752382|0.84
673|1018343909527090|0.88
674|1018343929393382|0.77
675|1018343949644840|0.72
676|1018343969429632|0.65
677|1018343989770507|0.57
678|1018344009131965|0.64
679|1018344029425216|0.87
680|1018344049338132|1.08
681|1018344069780591|1.16
682|1018344089711841|1.19
683|1018344109714341|1.21
684|1018344129614341|1.21
685|1018344149434674|1.21
686|1018344169312466|1.16
687|1018344189333257|1.07
688|1018344209499049|1.02
689|1018344229108507|1.01
690|1018344249410757|0.99
691|1018344269935299|0.92
692|1018344289546299|0.83
693|1018344309094716|0.76
694|1018344328775216|0.70
695|1018344349209716|0.63
696|1018344369357591|0.59
697|1018344389109299|0.64
698|1018344408910549|0.71
699|1018344429215507|0.73
700|1018344448793174|0.80
701|1018344468949882|1.00
702|1018344490722382|1.32
703|1018344509108382|1.77
704|1018344529129091|2.20
705|1018344549684716|2.30
706|1018344569025674|2.10
707|1018344589812799|1.83
708|1018344609314799|1.42
709|1018344628717299|0.89
710|1018344648902091|0.33
711|1018344669424549|0.43
712|1018344688952091|0.74
713|1018344708912299|0.96
714|1018344729517341|1.18
715|1018344749730966|1.33
716|1018344769672924|1.34
717|1018344789019133|1.26
718|1018344808929758|1.16
719|1018344830451383|1.12
720|1018344848999008|1.14
721|1018344869533674|1.17
722|1018344888777341|1.17
723|1018344910015341|1.13
724|1018344928700341|1.11
725|1018344948751174|1.08
726|1018344969038049|1.01
727|1018344988586383|0.90
728|1018345009117299|0.74
729|1018345028762133|0.60
730|1018345049105674|0.52
731|1018345068788091|0.48
732|1018345089435091|0.53
733|1018345108993799|0.59
734|1018345131122091|0.70
735|1018345150262383|0.92
736|1018345170039591|1.13
737|1018345189598383|1.17
738|1018345209013008|1.25
739|1018345230984008|1.42
740|1018345249664133|1.38
741|1018345268749883|1.15
742|1018345288607841|0.90
743|1018345309340174|0.65
744|1018345328985049|0.37
745|1018345349589341|0.22
746|1018345369151591|0.24
747|1018345389064299|0.28
748|1018345408807674|0.33
749|1018345429792091|0.40
750|1018345448874008|0.51
751|1018345469776800|0.72
752|1018345488676966|0.93
753|1018345508855925|1.07
754|1018345528882758|1.07
755|1018345549913591|1.01
756|1018345569138883|0.98
757|1018345588518758|1.07
758|1018345608442925|1.15
759|1018345628587716|1.09
760|1018345648923591|0.89
761|1018345668574716|0.64
762|1018345689013633|0.55
763|1018345709122091|0.57
764|1018345728451925|0.52
765|1018345748836675|0.36
766|1018345768639008|0.39
767|1018345788375050|0.56
768|1018345808738633|0.54
769|1018345829063675|0.46
770|1018345850328508|0.75
771|1018345869525550|1.11
772|1018345888776425|1.40
773|1018345908558841|1.66
774|1018345928626383|1.89
775|1018345949403383|1.86
776|1018345968706675|1.48
777|1018345989314508|0.96
778|1018346008685966|0.52
779|1018346028771925|0.40
780|1018346048628550|0.39
781|1018346068875133|0.37
782|1018346088580175|0.49
783|1018346109145133|0.67
784|1018346129096175|0.76
785|1018346149037508|0.82
786|1018346169253508|0.87
787|1018346189069383|0.94
788|1018346208923800|1.05
789|1018346229932925|1.15
790|1018346249536467|1.23
791|1018346269117508|1.23
792|1018346288889092|1.13
793|1018346309203925|0.90
794|1018346328953258|0.67
795|1018346348995800|0.49
796|1018346368645758|0.38
797|1018346388837133|0.41
798|1018346412413217|0.58
799|1018346428535842|0.78
800|1018346448638092|0.94
801|1018346468784383|1.04
802|1018346491604717|1.09
803|1018346508754300|1.17
804|1018346528836383|1.32
805|1018346549643092|1.50
806|1018346568978842|1.70
807|1018346590002758|1.81
808|1018346609738800|1.83
809|1018346628732092|1.66
810|1018346648697550|1.32
811|1018346668517883|0.99
812|1018346688510050|0.84
813|1018346708674008|0.92
814|1018346728893467|0.98
815|1018346749277550|0.93
816|1018346768648467|0.82
817|1018346788608842|0.73
818|1018346809182675|0.69
819|1018346828960259|0.69
820|1018346848738509|0.76
821|1018346869073259|0.78
822|1018346888816050|0.71
823|1018346908871259|0.61
824|1018346929347759|0.57
825|1018346949001800|0.55
826|1018346968904800|0.59
827|1018346988821967|0.64
828|1018347009354509|0.75
829|1018347029134134|0.85
830|1018347049235467|0.84
831|1018347069432384|0.71
832|1018347088979342|0.52
833|1018347108642634|0.38
834|1018347129619467|0.38
835|1018347150039842|0.47
836|1018347168900092|0.55
837|1018347189098092|0.61
838|1018347208547884|0.54
839|1018347228749092|0.44
840|1018347249273175|0.68
841|1018347268762259|1.15
842|1018347289052800|1.61
843|1018347308647425|1.99
844|1018347328853967|2.05
845|1018347349279592|1.72
846|1018347368621300|1.18
847|1018347388602634|0.66
848|1018347408982050|0.66
849|1018347428964925|0.86
850|1018347449221300|0.84
851|1018347468885675|0.64
852|1018347488531967|0.40
853|1018347508685842|0.43
854|1018347528561301|0.58
855|1018347548682509|0.49
856|1018347568518426|0.47
857|1018347589101884|0.79
858|1018347609168717|1.15
859|1018347628659884|1.40
860|1018347649378217|1.41
861|1018347669896259|1.26
862|1018347688599134|1.03
863|1018347708887134|0.84
864|1018347729089092|0.72
865|1018347748763384|0.65
866|1018347768814717|0.59
867|1018347789289092|0.53
868|1018347808788384|0.52
869|1018347828562301|0.64
870|1018347848559926|0.77
871|1018347868497051|0.88
872|1018347888587551|0.98
873|1018347908714551|1.09
874|1018347929062134|1.20
875|1018347949164967|1.35
876|1018347969366884|1.56
877|1018347988925259|1.77
878|1018348008640592|1.88
879|1018348029276176|1.91
880|1018348049098176|1.67
881|1018348069085009|1.24
882|1018348089374467|0.83
883|1018348109066509|0.63
884|1018348128886967|0.70
885|1018348149364009|0.70
886|1018348169136759|0.57
887|1018348188513676|0.46
888|1018348208777301|0.62
889|1018348229212759|0.79
890|1018348249061176|0.79
891|1018348269412718|0.86
892|1018348289065301|1.11
893|1018348309226509|1.40
894|1018348328988509|1.52
895|1018348349013759|1.44
896|1018348368938718|1.29
897|1018348389018968|1.19
898|1018348409364051|1.11
899|1018348429161759|0.99
900|1018348449360259|0.76
901|1018348469129759|0.53
902|1018348488567218|0.52
903|1018348508968843|0.69
904|1018348529197634|0.82
905|1018348548559384|0.81
906|1018348568822801|0.74
907|1018348588911468|0.76
908|1018348608993176|0.84
909|1018348629479051|0.94
910|1018348649137051|1.12
911|1018348669299384|1.18
912|1018348689830634|1.25
913|1018348709719884|1.39
914|1018348730141718|1.59
915|1018348749350593|1.55
916|1018348769063801|1.17
917|1018348789427176|0.79
918|1018348809307259|0.86
919|1018348829963884|1.15
920|1018348848937009|1.30
921|1018348869307718|1.17
922|1018348888784884|0.76
923|1018348910029009|0.43
924|1018348929633051|0.65
925|1018348949636676|0.82
926|1018348969476885|0.73
927|1018348988959593|0.56
928|1018349009151968|0.53
929|1018349029157010|0.66
930|1018349049057593|0.78
931|1018349068795510|0.78
932|1018349088946260|0.70
933|1018349109278510|0.65
934|1018349130388260|0.69
935|1018349150206510|0.76
936|1018349169436301|0.80
937|1018349189176926|0.82
938|1018349208939676|0.81
939|1018349229554676|0.89
940|1018349250418343|1.05
941|1018349269438843|1.18
942|1018349289864176|1.18
943|1018349309985135|1.15
944|1018349329124051|1.08
945|1018349349537260|1.05
946|1018349369029926|1.10
947|1018349389362301|1.09
948|1018349409044968|1.11
949|1018349429011385|1.18
950|1018349448833801|1.16
951|1018349469269843|1.06
952|1018349489194510|0.93
953|1018349508624635|0.85
954|1018349529360593|0.84
955|1018349549502218|0.80
956|1018349569508051|0.69
957|1018349589555343|0.76
958|1018349609794260|1.09
959|1018349629105093|1.25
960|1018349650655260|1.05
961|1018349673757760|0.71
962|1018349690885802|0.50
963|1018349708881093|0.62
964|1018349729603010|0.76
965|1018349748678218|0.78
966|1018349770694468|0.65
967|1018349789452010|0.42
968|1018349808853177|0.27
969|1018349829113968|0.33
970|1018349848637635|0.45
971|1018349870068802|0.54
972|1018349889008010|0.61
973|1018349908844927|0.75
974|1018349928712385|0.89
975|1018349948872135|0.95
976|1018349968672593|0.87
977|1018349988825343|0.78
978|1018350008946093|0.72
979|1018350029067427|0.67
980|1018350049016968|0.68
981|1018350074337510|0.71
982|1018350089519635|0.70
983|1018350109354177|0.56
984|1018350129270510|0.45
985|1018350148919718|0.54
986|1018350170679218|0.75
987|1018350190813552|0.94
988|1018350209875843|1.00
989|1018350229489927|0.90
990|1018350249232427|0.60
991|1018350268809468|0.26
992|1018350289735302|0.29
993|1018350310056177|0.63
994|1018350329658385|0.91
995|1018350348984927|1.09
996|1018350370946469|1.14
997|1018350388516427|1.09
998|1018350409067927|1.03
999|1018350428732760|1.04
1000|1018350449605427|1.03
1001|1018350469062219|1.06
1002|1018350489072427|1.07
1003|1018350511117552|0.96
1004|1018350531071135|0.81
1005|1018350549526302|0.71
1006|1018350569669885|0.68
1007|1018350588440760|0.76
1008|1018350610066594|0.84
1009|1018350628687760|0.84
1010|1018350648532844|0.81
1011|1018350669205844|0.79
1012|1018350688826760|0.76
1013|1018350708880094|0.69
1014|1018350729001635|0.65
1015|1018350748988594|0.64
1016|1018350769016302|0.64
1017|1018350789312844|0.62
1018|1018350813161927|0.60
1019|1018350829409885|0.65
1020|1018350848716135|0.73
1021|1018350869249427|0.79
1022|1018350888711344|0.82
1023|1018350908870760|0.83
1024|1018350928824969|0.77
1025|1018350949063177|0.58
1026|1018350968971427|0.42
1027|1018350988680552|0.41
1028|1018351008778427|0.47
1029|1018351028735844|0.54
1030|1018351049067136|0.65
1031|1018351068840886|0.76
1032|1018351089051761|0.77
1033|1018351108848927|0.80
1034|1018351128998594|0.88
1035|1018351151342802|0.88
1036|1018351169666386|0.86
1037|1018351188748219|0.75
1038|1018351209036011|0.54
1039|1018351228674094|0.31
1040|1018351249410927|0.14
1041|1018351268679719|0.12
1042|1018351289614886|0.31
1043|1018351309524427|0.50
1044|1018351328769177|0.63
1045|1018351348734552|0.73
1046|1018351369985761|0.76
1047|1018351389297844|0.72
1048|1018351408776552|0.60
1049|1018351429142636|0.50
1050|1018351448928386|0.41
1051|1018351469324427|0.33
1052|1018351488997427|0.24
1053|1018351509222469|0.19
1054|1018351529393344|0.11
1055|1018351549214844|0.10
1056|1018351568923136|0.25
1057|1018351589201427|0.37
1058|1018351609709094|0.61
1059|1018351629835594|0.74
1060|1018351648759802|0.74
1061|1018351669141677|0.64
1062|1018351689390469|0.49
1063|1018351709653344|0.40
1064|1018351728736386|0.41
1065|1018351749677553|0.50
1066|1018351768816011|0.64
1067|1018351788808553|0.69
1068|1018351808908428|0.74
1069|1018351828962928|0.85
1070|1018351852838678|0.93
1071|1018351869501386|0.93
1072|1018351889564178|0.82
1073|1018351909942594|0.73
1074|1018351930697344|0.67
1075|1018351949305428|0.65
1076|1018351969302803|0.75
1077|1018351992058428|0.86
1078|1018352010980178|0.93
1079|1018352029221303|0.86
1080|1018352049877511|0.65
1081|1018352069474969|0.39
1082|1018352089468178|0.24
1083|1018352109139511|0.14
1084|1018352130963719|0.20
1085|1018352149809053|0.35
1086|1018352169705344|0.45
1087|1018352190514928|0.48
1088|1018352210447719|0.48
1089|1018352230341053|0.45
1090|1018352249439136|0.52
1091|1018352269601386|0.57
1092|1018352289414094|0.47
1093|1018352309345678|0.34
1094|1018352330082594|0.21
1095|1018352350102678|0.14
1096|1018352369943386|0.12
1097|1018352390634886|0.10
1098|1018352409433344|0.13
1099|1018352429756678|0.17
1100|1018352449088803|0.17
1101|1018352470588803|0.11
1102|1018352489749928|0.11
1103|1018352509104970|0.14
1104|1018352529428220|0.20
1105|1018352549557178|0.19
1106|1018352569382095|0.15
1107|1018352589703803|0.13
1108|1018352610463595|0.14
1109|1018352629744511|0.16
1110|1018352650580261|0.18
1111|1018352670202428|0.20
1112|1018352689548886|0.19
1113|1018352709408011|0.13
1114|1018352729499386|0.05
1115|1018352749328428|0.04
1116|1018352770062678|0.13
1117|1018352789589553|0.17
1118|1018352809424303|0.16
1119|1018352830006095|0.15
1120|1018352849738553|0.22
1121|1018352870322845|0.34
1122|1018352889637970|0.42
1123|1018352909550386|0.38
1124|1018352929444428|0.28
1125|1018352949818386|0.24
1126|1018352969812970|0.28
1127|1018352989633386|0.31
1128|1018353009506886|0.25
1129|1018353029196178|0.19
1130|1018353049884178|0.17
1131|1018353070739428|0.16
1132|1018353090175178|0.15
1133|1018353109558553|0.17
1134|1018353129541762|0.24
1135|1018353151851178|0.31
1136|1018353170615137|0.37
1137|1018353189678928|0.43
1138|1018353209607387|0.53
1139|1018353229712345|0.64
1140|1018353253281262|0.69
1141|1018353273703637|0.69
1142|1018353289799970|0.74
1143|1018353309732012|0.84
1144|1018353329706845|0.82
1145|1018353350318137|0.68
1146|1018353369169137|0.52
1147|1018353389891970|0.40
1148|1018353409460970|0.35
1149|1018353430010928|0.37
1150|1018353449385512|0.45
1151|1018353470090803|0.50
1152|1018353490161553|0.54
1153|1018353509739012|0.57
1154|1018353529557178|0.59
1155|1018353549639428|0.62
1156|1018353569528803|0.55
1157|1018353590524387|0.37
1158|1018353611374178|0.19
1159|1018353628934512|0.35
1160|1018353649451762|0.55
1161|1018353673260428|0.80
1162|1018353692299720|1.06
1163|1018353709927595|1.19
1164|1018353730627470|1.24
1165|1018353749811053|1.24
1166|1018353769151470|1.38
1167|1018353790576553|1.70
1168|1018353810878970|2.07
1169|1018353830527429|2.40
1170|1018353849955095|2.53
1171|1018353869302637|2.32
1172|1018353890530512|1.92
1173|1018353909500345|1.58
1174|1018353929455637|1.38
1175|1018353949198429|1.29
1176|1018353969639095|1.12
1177|1018353989198554|0.82
1178|1018354010161012|0.69
1179|1018354030266970|0.82
1180|1018354049485345|0.90
1181|1018354069500512|0.82
1182|1018354090082345|0.84
1183|1018354110370595|1.12
1184|1018354129205387|1.51
1185|1018354149569429|1.82
1186|1018354169256512|2.03
1187|1018354189415012|2.14
1188|1018354209415012|2.17
1189|1018354215959512|2.21
1190|1018354229008512|2.18
1191|1018354249220429|2.07
1192|1018354269417845|1.84
1193|1018354289140345|1.53
1194|1018354310354012|1.19
1195|1018354329729929|0.96
1196|1018354349538470|0.94
1197|1018354369587512|1.09
1198|1018354389495054|1.33
1199|1018354409512012|1.57
1200|1018354429065845|1.73
1201|1018354450993220|1.73
1202|1018354469834887|1.70
1203|1018354489610387|1.83
1204|1018354509555512|1.92
1205|1018354530809346|1.97
1206|1018354549881762|2.05
1207|1018354570723846|2.28
1208|1018354590359346|2.12
1209|1018354610105429|1.65
1210|1018354629268804|1.15
1211|1018354650321179|0.80
1212|1018354669355054|0.69
1213|1018354689702554|0.65
1214|1018354709394596|0.64
1215|1018354729515762|0.62
1216|1018354750187471|0.74
1217|1018354769426846|1.08
1218|1018354789457012|1.36
1219|1018354809720971|1.46
1220|1018354830299304|1.40
1221|1018354852046887|1.21
1222|1018354870177512|1.03
1223|1018354889256387|0.95
1224|1018354909591596|0.98
1225|1018354930785179|0.94
1226|1018354950452804|0.82
1227|1018354969588846|0.77
1228|1018354989758512|0.77
1229|1018355009193304|0.80
1230|1018355029280012|0.80
1231|1018355049547471|0.62
1232|1018355070991221|0.45
1233|1018355089512221|0.60
1234|1018355110121762|0.83
1235|1018355130086221|0.93
1236|1018355150734096|1.15
1237|1018355169966679|1.61
1238|1018355189559346|2.02
1239|1018355209865262|2.13
1240|1018355229554346|1.92
1241|1018355249444721|1.57
1242|1018355269988846|1.16
1243|1018355290923596|0.75
1244|1018355309989763|0.35
1245|1018355329591763|0.25
1246|1018355349617304|0.28
1247|1018355370396554|0.43
1248|1018355390897721|0.62
1249|1018355409553471|0.69
1250|1018355429171054|0.88
1251|1018355449622013|1.10
1252|1018355470004513|1.19
1253|1018355489714346|1.09
1254|1018355509569679|0.87
1255|1018355529767138|0.69
1256|1018355549790846|0.60
1257|1018355569813054|0.63
1258|1018355589683638|0.71
1259|1018355609496471|0.67
1260|1018355630010221|0.60
1261|1018355649601763|0.60
1262|1018355671923971|0.71
1263|1018355690512846|0.79
1264|1018355710240221|0.76
1265|1018355729212221|0.61
1266|1018355749635388|0.52
1267|1018355770182013|0.63
1268|1018355789818013|0.98
1269|1018355809769638|1.21
1270|1018355830227179|1.28
1271|1018355849693596|1.33
1272|1018355869802846|1.34
1273|1018355891304346|1.27
1274|1018355910367721|1.19
1275|1018355930330388|1.08
1276|1018355949761471|0.95
1277|1018355969622138|0.84
1278|1018355991998555|0.85
1279|1018356011029721|1.00
1280|1018356030360096|1.21
1281|1018356049980638|1.46
1282|1018356069637388|1.67
1283|1018356090706221|1.67
1284|1018356110118721|1.53
1285|1018356129679471|1.42
1286|1018356149054138|1.46
1287|1018356169537180|1.53
1288|1018356189225430|1.41
1289|1018356211232888|1.23
1290|1018356231728513|1.11
1291|1018356250325805|0.96
1292|1018356269724555|0.75
1293|1018356289382138|0.69
1294|1018356310715305|0.95
1295|1018356329741430|1.18
1296|1018356350549596|1.15
1297|1018356370088013|1.35
1298|1018356390030263|1.68
1299|1018356410047430|1.69
1300|1018356430259388|1.45
1301|1018356449488430|1.11
1302|1018356469239013|0.77
1303|1018356489742680|0.46
1304|1018356509435263|0.32
1305|1018356529515888|0.39
1306|1018356551423471|0.48
1307|1018356570251513|0.52
1308|1018356590018638|0.55
1309|1018356609723180|0.67
1310|1018356630913430|0.88
1311|1018356651636555|1.07
1312|1018356671360180|1.17
1313|1018356689634847|1.08
1314|1018356710144597|0.94
1315|1018356730136222|0.83
1316|1018356749735013|0.72
1317|1018356769572513|0.64
1318|1018356789492930|0.63
1319|1018356809930722|0.60
1320|1018356830222097|0.52
1321|1018356855018347|0.37
1322|1018356869845680|0.27
1323|1018356890190763|0.44
1324|1018356909785055|0.57
1325|1018356929885097|0.72
1326|1018356949173180|0.75
1327|1018356970313888|1.42
1328|1018356989240513|1.44
1329|1018357009128180|1.28
1330|1018357029749930|1.18
1331|1018357050751097|1.15
1332|1018357073105722|1.12
1333|1018357090253597|1.05
1334|1018357110087930|1.02
1335|1018357129618263|1.10
1336|1018357149646138|1.14
1337|1018357170969722|1.05
1338|1018357189776013|0.81
1339|1018357210323013|0.60
1340|1018357229625972|0.60
1341|1018357250078722|0.55
1342|1018357273076888|0.57
1343|1018357290306930|0.72
1344|1018357310206555|1.22
1345|1018357329662222|1.56
1346|1018357349429139|1.58
1347|1018357370232430|1.13
1348|1018357389436430|0.70
1349|1018357410433430|0.76
1350|1018357429400555|0.92
1351|1018357449677639|0.99
1352|1018357469842930|0.89
1353|1018357489564555|1.07
1354|1018357509380139|1.63
1355|1018357529840680|2.03
1356|1018357549870055|2.04
1357|1018357569585389|1.87
1358|1018357589377514|1.64
1359|1018357609403139|1.49
1360|1018357630390264|1.16
1361|1018357649841014|0.97
1362|1018357669232514|0.99
1363|1018357690744930|0.95
1364|1018357710657097|0.89
1365|1018357729456972|0.78
1366|1018357749768097|0.88
1367|1018357769675764|1.24
1368|1018357789269555|1.67
1369|1018357811247014|1.89
1370|1018357830269889|1.86
1371|1018357849756139|1.90
1372|1018357869623972|1.95
1373|1018357889920639|1.90
1374|1018357910735722|1.90
1375|1018357930335514|1.71
1376|1018357949544764|1.50
1377|1018357969643139|1.38
1378|1018357990474805|1.24
1379|1018358009508556|1.12
1380|1018358030245889|1.04
1381|1018358050064222|1.18
1382|1018358070232431|1.36
1383|1018358089017972|1.39
1384|1018358109570847|1.34
1385|1018358130351931|1.38
1386|1018358150816389|1.49
1387|1018358169652097|1.56
1388|1018358189339264|1.65
1389|1018358210786639|1.68
1390|1018358229583556|1.56
1391|1018358249771097|1.30
1392|1018358270022097|1.12
1393|1018358289769014|1.15
1394|1018358309057097|1.25
1395|1018358329808097|1.25
1396|1018358349379889|1.16
1397|1018358369703389|1.08
1398|1018358389657514|1.22
1399|1018358413117931|1.35
1400|1018358430312806|1.49
1401|1018358449808889|1.71
1402|1018358470217722|1.78
1403|1018358489687056|1.78
1404|1018358509495597|1.83
1405|1018358529555056|1.74
1406|1018358550327389|1.61
1407|1018358570881222|1.47
1408|1018358589780472|1.27
1409|1018358609068389|1.07
1410|1018358631363514|0.94
1411|1018358649217806|0.82
1412|1018358669425931|0.65
1413|1018358689826597|0.57
1414|1018358709686889|0.76
1415|1018358729934848|1.05
1416|1018358752638264|1.49
1417|1018358770158889|1.95
1418|1018358789369764|2.05
1419|1018358809689806|1.88
1420|1018358829739139|1.88
1421|1018358849772889|2.00
1422|1018358870585014|2.06
1423|1018358890462139|2.04
1424|1018358909695764|1.85
1425|1018358929582639|1.51
1426|1018358950825264|1.12
1427|1018358969918556|0.70
1428|1018358989299556|0.24
1429|1018359010484848|0.42
1430|1018359029589431|0.86
1431|1018359049479098|1.36
1432|1018359070110181|1.89
1433|1018359091892139|2.31
1434|1018359110127389|2.56
1435|1018359129692014|2.67
1436|1018359149406306|2.60
1437|1018359170599264|2.40
1438|1018359189796014|2.09
1439|1018359210160389|1.71
1440|1018359230134098|1.24
1441|1018359250398848|0.85
1442|1018359271854973|0.87
1443|1018359290655848|1.18
1444|1018359310507348|1.45
1445|1018359330835931|1.61
1446|1018359349582556|1.73
1447|1018359369177098|1.95
1448|1018359389737556|2.36
1449|1018359409403306|2.92
1450|1018359429850681|3.34
1451|1018359449663140|3.47
1452|1018359469425223|3.39
1453|1018359490401556|3.31
1454|1018359510684181|3.23
1455|1018359531546765|3.02
1456|1018359549743556|2.56
1457|1018359569500265|1.85
1458|1018359589734848|1.18
1459|1018359611747098|0.98
1460|1018359629950515|1.15
1461|1018359649528723|1.34
1462|1018359669446515|1.58
1463|1018359689532848|1.81
1464|1018359715048473|2.01
1465|1018359729808056|2.16
1466|1018359750089140|2.27
1467|1018359769678140|2.36
1468|1018359790569806|2.45
1469|1018359811210348|2.50
1470|1018359833569556|2.51
1471|1018359849317931|2.45
1472|1018359869409640|2.32
1473|1018359889359973|2.07
1474|1018359912137265|1.72
1475|1018359929315931|1.44
1476|1018359949351140|1.34
1477|1018359969912223|1.41
1478|1018359989606015|1.60
1479|1018360009392056|1.89
1480|1018360029671723|2.16
1481|1018360049981806|2.20
1482|1018360070297681|2.10
1483|1018360089465890|1.98
1484|1018360108919348|1.79
1485|1018360129256390|1.54
1486|1018360150322057|1.34
1487|1018360169076682|1.21
1488|1018360191283765|1.13
1489|1018360209309432|1.16
1490|1018360230024140|1.37
1491|1018360249288307|1.67
1492|1018360268777182|2.00
1493|1018360288666015|2.22
1494|1018360308666807|2.34
1495|1018360329009723|2.33
1496|1018360349165015|2.17
1497|1018360369273848|1.94
1498|1018360389721973|1.73
1499|1018360409127057|1.56
1500|1018360428818515|1.40
1501|1018360451606557|1.26
1502|1018360471421390|1.15
1503|1018360491835932|1.06
1504|1018360509735848|1.03
1505|1018360529379557|1.09
1506|1018360549839932|1.30
1507|1018360571668598|1.56
1508|1018360589236098|1.74
1509|1018360609056057|1.77
1510|1018360629684515|1.80
1511|1018360649884848|1.95
1512|1018360670205765|2.18
1513|1018360690330432|2.33
1514|1018360709636807|2.26
1515|1018360732165682|2.05
1516|1018360750477057|1.84
1517|1018360771313807|1.64
1518|1018360790209973|1.42
1519|1018360809910390|1.20
1520|1018360829645724|1.06
1521|1018360849813640|1.22
1522|1018360870065390|1.51
1523|1018360889801890|1.76
1524|1018360909806974|2.01
1525|1018360929778599|2.27
1526|1018360950340557|2.47
1527|1018360970126224|2.55
1528|1018360990231265|2.54
1529|1018361010326724|2.46
1530|1018361029910932|2.33
1531|1018361050589432|2.13
1532|1018361071019849|1.84
1533|1018361091949432|1.55
1534|1018361109347265|1.30
1535|1018361129224349|1.10
1536|1018361149249890|0.89
1537|1018361169420099|0.67
1538|1018361190119265|0.77
1539|1018361209245640|0.98
1540|1018361229054182|1.26
1541|1018361248956057|1.72
1542|1018361271363640|2.05
1543|1018361290063724|2.05
1544|1018361309360599|1.97
1545|1018361329505057|1.95
1546|1018361349757057|1.87
1547|1018361369285682|1.67
1548|1018361389586224|1.49
1549|1018361409467099|1.26
1550|1018361429470057|1.03
1551|1018361449211890|0.90
1552|1018361469413224|0.99
1553|1018361489669015|1.25
1554|1018361509419391|1.55
1555|1018361531370266|1.78
1556|1018361549692432|1.87
1557|1018361569416016|1.82
1558|1018361589553516|1.69
1559|1018361609274932|1.57
1560|1018361629994557|1.45
1561|1018361649470016|1.26
1562|1018361669540016|1.12
1563|1018361689458516|1.07
1564|1018361709522557|1.09
1565|1018361730303349|1.11
1566|1018361750082391|1.16
1567|1018361770209932|1.35
1568|1018361790297474|1.51
1569|1018361810250891|1.51
1570|1018361830025557|1.48
1571|1018361852643641|1.66
1572|1018361869808932|2.05
1573|1018361889780516|2.52
1574|1018361909322432|2.89
1575|1018361931353474|2.89
1576|1018361950483016|2.63
1577|1018361969386099|2.26
1578|1018361989763974|1.85
1579|1018362010889974|1.50
1580|1018362029446932|1.25
1581|1018362049974557|1.06
1582|1018362070261432|1.05
1583|1018362089581474|1.23
1584|1018362111758432|1.46
1585|1018362130591474|1.70
1586|1018362150993349|1.93
1587|1018362169431849|2.11
1588|1018362189729391|2.19
1589|1018362209461599|2.16
1590|1018362229936933|2.12
1591|1018362250014391|2.11
1592|1018362270234016|1.96
1593|1018362289731933|1.71
1594|1018362309697891|1.51
1595|1018362331931766|1.27
1596|1018362349513391|1.03
1597|1018362369485391|0.77
1598|1018362389919599|0.74
1599|1018362410129516|0.88
1600|1018362432310433|1.08
1601|1018362449825558|1.46
1602|1018362470218641|1.97
1603|1018362490369391|2.22
1604|1018362509627141|2.23
1605|1018362529514683|2.12
1606|1018362550364641|1.96
1607|1018362570079183|1.83
1608|1018362589727933|1.56
1609|1018362609853391|1.12
1610|1018362629601849|0.61
1611|1018362650902808|0.31
1612|1018362669875016|0.68
1613|1018362690315516|1.09
1614|1018362709707391|1.47
1615|1018362729838724|1.78
1616|1018362750156683|2.02
1617|1018362769858433|2.12
1618|1018362789797099|2.07
1619|1018362809469474|1.93
1620|1018362829568641|1.80
1621|1018362850984058|1.76
1622|1018362873641683|1.76
1623|1018362890486016|1.66
1624|1018362909478808|1.48
1625|1018362929059308|1.27
1626|1018362949179141|1.04
1627|1018362969298933|0.99
1628|1018362990895016|1.19
1629|1018363010378808|1.41
1630|1018363029756766|1.44
1631|1018363049458975|1.45
1632|1018363069433683|1.62
1633|1018363090161183|2.03
1634|1018363109398933|2.40
1635|1018363129654433|2.53
1636|1018363149939225|2.42
1637|1018363169295516|2.10
1638|1018363189203141|1.64
1639|1018363209643350|1.19
1640|1018363230018975|0.91
1641|1018363249699308|0.85
1642|1018363269681641|0.85
1643|1018363289760100|0.92
1644|1018363310767891|1.16
1645|1018363330054433|1.48
1646|1018363349451141|1.79
1647|1018363369637225|2.01
1648|1018363389587058|2.17
1649|1018363410654100|2.27
1650|1018363430089475|2.24
1651|1018363449879850|2.07
1652|1018363469643933|1.74
1653|1018363489546058|1.31
1654|1018363509940766|0.92
1655|1018363530008350|0.71
1656|1018363550314933|0.63
1657|1018363569351891|0.68
1658|1018363589484516|0.94
1659|1018363612540308|1.26
1660|1018363630404100|1.45
1661|1018363650085767|1.62
1662|1018363669642308|2.02
1663|1018363689639017|2.32
1664|1018363710589100|2.21
1665|1018363730132475|1.88
1666|1018363749715767|1.54
1667|1018363770877600|1.28
1668|1018363790632475|1.12
1669|1018363810958767|1.01
1670|1018363830362392|0.81
1671|1018363849549975|0.56
1672|1018363870220558|0.58
1673|1018363889482142|0.90
1674|1018363911473892|1.28
1675|1018363930571350|1.63
1676|1018363951504892|1.97
1677|1018363969486350|2.23
1678|1018363989821100|2.33
1679|1018364010410808|2.25
1680|1018364029432267|2.00
1681|1018364050292892|1.75
1682|1018364070035725|1.52
1683|1018364089770017|1.29
1684|1018364109347058|1.09
1685|1018364129427267|0.97
1686|1018364149686683|0.97
1687|1018364169946892|1.18
1688|1018364189841267|1.42
1689|1018364210079058|1.51
1690|1018364230596225|1.51
1691|1018364250415975|1.63
1692|1018364270730225|2.04
1693|1018364290165808|2.55
1694|1018364309752725|2.88
1695|1018364329827934|2.82
1696|1018364351241600|2.42
1697|1018364369496350|1.90
1698|1018364389576184|1.38
1699|1018364409710725|0.97
1700|1018364429627059|0.69
1701|1018364450439517|0.62
1702|1018364470601017|0.88
1703|1018364490224142|1.24
1704|1018364509753392|1.49
1705|1018364529651809|1.69
1706|1018364549972767|1.79
1707|1018364569661517|1.92
1708|1018364591539392|2.00
1709|1018364609742850|2.05
1710|1018364629786017|2.11
1711|1018364649409975|2.17
1712|1018364670267934|2.12
1713|1018364690252434|1.87
1714|1018364710475267|1.55
1715|1018364729589017|1.03
1716|1018364749801975|1.08
1717|1018364770367184|0.95
1718|1018364789429350|1.02
1719|1018364810565725|1.22
1720|1018364829657184|1.51
1721|1018364850467184|1.99
1722|1018364871110684|2.64
1723|1018364890684017|2.91
1724|1018364910337892|2.70
1725|1018364929756017|2.34
1726|1018364949758892|2.04
1727|1018364970417434|1.68
1728|1018364990867059|1.34
1729|1018365011807351|0.99
1730|1018365029769559|0.85
1731|1018365049714684|0.72
1732|1018365069631267|1.25
1733|1018365089953726|1.58
1734|1018365110342309|1.83
1735|1018365129425517|2.02
1736|1018365149784226|2.07
1737|1018365169347017|2.10
1738|1018365189791351|2.19
1739|1018365211211392|2.04
1740|1018365230230767|1.84
1741|1018365249963517|1.71
1742|1018365269230142|1.54
1743|1018365291034184|1.26
1744|1018365310768476|0.89
1745|1018365329182976|0.55
1746|1018365349353309|0.52
1747|1018365369970934|0.77
1748|1018365391231142|1.05
1749|1018365409509351|1.21
1750|1018365429728476|1.23
1751|1018365450078017|1.33
1752|1018365469580434|1.56
1753|1018365490150392|1.91
1754|1018365511435851|2.24
1755|1018365530450434|2.55
1756|1018365550167101|2.37
1757|1018365569799309|2.01
1758|1018365590245517|1.62
1759|1018365612226101|1.31
1760|1018365634854767|1.07
1761|1018365649914017|0.83
1762|1018365669917559|0.76
1763|1018365689655101|0.93
1764|1018365711652726|1.16
1765|1018365732087476|1.44
1766|1018365750093934|1.72
1767|1018365769826393|1.98
1768|1018365789843476|1.94
1769|1018365810784684|1.89
1770|1018365829663184|1.88
1771|1018365850755601|1.81
1772|1018365870171309|1.62
1773|1018365894207393|1.46
1774|1018365909838476|1.34
1775|1018365929524643|1.13
1776|1018365949271643|0.78
1777|1018365969406934|0.61
1778|1018365989818184|1.16
1779|1018366010702893|1.25
1780|1018366030572643|1.21
1781|1018366050369184|1.47
1782|1018366069734143|1.97
1783|1018366089438143|2.34
1784|1018366109799393|2.36
1785|1018366131576643|1.84
1786|1018366150732809|1.38
1787|1018366170970851|1.04
1788|1018366192296518|0.70
1789|1018366209948101|0.45
1790|1018366229548851|0.31
1791|1018366250351476|0.30
1792|1018366271776268|0.34
1793|1018366290118643|0.48
1794|1018366309786726|0.70
1795|1018366330964018|1.10
1796|1018366350502393|1.53
1797|1018366369572434|1.86
1798|1018366389670893|2.03
1799|1018366409793685|2.02
1800|1018366429427143|1.88
1801|1018366449449976|1.73
1802|1018366469912393|1.68
1803|1018366489851601|1.38
1804|1018366510289310|1.29
1805|1018366529378518|1.18
1806|1018366551292476|0.89
1807|1018366570569976|0.71
1808|1018366589996560|0.78
1809|1018366609660518|1.26
1810|1018366630286143|1.35
1811|1018366650067976|1.43
1812|1018366669691435|1.43
1813|1018366690080518|1.53
1814|1018366709584143|1.92
1815|1018366729855268|2.31
1816|1018366749496726|3.01
1817|1018366770386018|2.98
1818|1018366790361726|2.46
1819|1018366809605601|2.00
1820|1018366829948476|1.66
1821|1018366849597393|1.39
1822|1018366872895185|1.27
1823|1018366890720518|0.94
1824|1018366910517643|1.07
1825|1018366929763810|1.41
1826|1018366949538310|1.67
1827|1018366969650476|1.96
1828|1018366989660435|2.11
1829|1018367010294393|1.92
1830|1018367030256518|1.70
1831|1018367049813018|1.66
1832|1018367070248685|1.68
1833|1018367090917518|1.60
1834|1018367113412852|1.46
1835|1018367132206935|1.20
1836|1018367150113935|0.96
1837|1018367169414643|0.61
1838|1018367193150310|0.31
1839|1018367210211018|0.47
1840|1018367230046268|0.73
1841|1018367249916810|0.98
1842|1018367269878185|1.26
1843|1018367289881352|1.63
1844|1018367310840560|1.97
1845|1018367330453477|1.93
1846|1018367349674018|1.93
1847|1018367369453227|1.87
1848|1018367389762977|1.50
1849|1018367410204852|1.21
1850|1018367431531935|0.99
1851|1018367451498602|0.84
1852|1018367469432602|0.68
1853|1018367489785518|0.54
1854|1018367510775268|0.45
1855|1018367530649727|0.47
1856|1018367549872018|0.80
1857|1018367569788393|1.29
1858|1018367589696727|1.76
1859|1018367609649852|2.05
1860|1018367630253560|2.11
1861|1018367649727477|2.09
1862|1018367670006018|2.03
1863|1018367689626977|1.91
1864|1018367709531143|1.75
1865|1018367730358685|1.53
1866|1018367749387060|1.27
1867|1018367770767685|1.00
1868|1018367790177727|0.75
1869|1018367810511602|0.67
1870|1018367830083644|0.96
1871|1018367849782852|1.31
1872|1018367870257269|1.36
1873|1018367889967560|1.45
1874|1018367909424269|1.71
1875|1018367930182977|1.99
1876|1018367950295185|2.12
1877|1018367970444977|2.03
1878|1018367989813144|1.78
1879|1018368010293394|1.47
1880|1018368029462435|1.20
1881|1018368049404310|0.95
1882|1018368069626310|0.85
1883|1018368090181102|0.93
1884|1018368109731102|0.94
1885|1018368129558352|0.87
1886|1018368149538560|0.85
1887|1018368170458060|0.87
1888|1018368190132644|0.94
1889|1018368209847394|1.19
1890|1018368229350310|1.51
1891|1018368250403352|1.59
1892|1018368270379394|1.52
1893|1018368290157977|1.42
1894|1018368310825852|1.32
1895|1018368329641727|1.17
1896|1018368349422935|0.91
1897|1018368370539269|0.59
1898|1018368390454185|0.52
1899|1018368409749394|0.58
1900|1018368429543060|0.61
1901|1018368449471852|0.62
1902|1018368470275894|0.65
1903|1018368491007060|0.68
1904|1018368509667852|0.73
1905|1018368529503519|0.82
1906|1018368549985352|1.15
1907|1018368569872061|1.29
1908|1018368590063811|1.14
1909|1018368610520436|0.90
1910|1018368629821394|0.75
1911|1018368649852186|0.64
1912|1018368670654811|0.64
1913|1018368690610019|0.76
1914|1018368710331936|0.85
1915|1018368729944977|0.81
1916|1018368749743144|0.80
1917|1018368770960519|0.86
1918|1018368791088769|1.03
1919|1018368810331269|1.20
1920|1018368830176811|1.34
1921|1018368849485811|1.45
1922|1018368869456102|1.46
1923|1018368890072936|1.39
1924|1018368912290519|1.23
1925|1018368930858811|1.03
1926|1018368949362602|0.72
1927|1018368969674019|0.41
1928|1018368990075352|0.28
1929|1018369011482144|0.38
1930|1018369029410561|0.44
1931|1018369049859269|0.50
1932|1018369069861436|0.57
1933|1018369091579769|0.57
1934|1018369110051477|0.47
1935|1018369129627061|0.42
1936|1018369149424436|0.52
1937|1018369170271311|0.62
1938|1018369190122436|1.06
1939|1018369210384436|1.41
1940|1018369230859019|1.59
1941|1018369250060311|1.56
1942|1018369270112436|1.44
1943|1018369289785561|1.39
1944|1018369309946228|1.46
1945|1018369329522519|1.56
1946|1018369349558936|1.50
1947|1018369369903478|1.42
1948|1018369389824686|1.26
1949|1018369409745978|0.98
1950|1018369430985603|0.57
1951|1018369450592561|0.39
1952|1018369469885603|0.45
1953|1018369489714603|0.65
1954|1018369511585311|0.88
1955|1018369531566269|1.05
1956|1018369550104894|1.15
1957|1018369569939936|1.23
1958|1018369589455436|1.28
1959|1018369609361019|1.32
1960|1018369634680269|1.32
1961|1018369650224603|1.27
1962|1018369670743853|1.18
1963|1018369690173103|1.07
1964|1018369711222478|0.98
1965|1018369731222478|0.93
1966|1018369737923228|0.91
1967|1018369749679478|0.89
1968|1018369769483394|0.96
1969|1018369789736978|1.10
1970|1018369810103853|1.11
1971|1018369830953603|0.96
1972|1018369850459228|0.75
1973|1018369870161894|0.51
1974|1018369891340936|0.27
1975|1018369909838978|0.30
1976|1018369929593311|0.51
1977|1018369949905395|0.73
1978|1018369969424103|0.85
1979|1018369989919395|0.78
1980|1018370009554853|0.54
1981|1018370030884353|0.49
1982|1018370049873686|0.56
