2.13638
2.01131
1.97006
1.86846
1.77935
1.66482
1.37645
1.03379
0.81207
0.67751
0.56603
0.42904
0.24814
0.23085
0.26602
0.21984
0.23464
0.19282
0.18046
0.22749
0.27267
0.39726
0.52933
0.43523
0.32264
0.29069
0.20230
0.17410
0.30202
0.53437
0.52041
0.30028
0.22330
0.32208
0.38913
0.54968
0.61290
0.43619
0.23797
0.18336
0.36196
0.61194
0.65861
0.59328
0.57701
0.60894
0.65236
0.71668
0.66285
0.42587
0.23829
0.42628
0.55041
0.41796
0.18073
0.30857
0.46733
0.49749
0.58784
0.68111
0.62113
0.65265
0.80332
0.80012
0.73678
0.73026
0.66508
0.50291
0.44142
0.45412
0.38715
0.33132
0.34262
0.32512
0.24773
0.19541
0.14065
0.28280
0.25128
0.25840
0.27107
0.36009
0.31337
0.23924
0.36830
0.34367
0.34743
0.39279
0.44385
0.46092
0.42363
0.26219
0.15277
0.10863
0.20431
0.25017
0.35886
0.20797
0.27354
0.42689
0.40657
0.30832
0.26707
0.22572
0.21395
0.41445
0.31865
0.27631
0.24954
0.21763
0.15657
0.17518
0.23090
0.29751
0.22505
0.30654
0.27493
0.26830
0.35254
0.51511
0.72294
0.68249
0.52211
0.38650
0.49661
0.62988
0.76802
1.00964
1.24997
1.45441
1.57715
1.60959
1.51065
1.29984
1.15637
1.25878
1.56332
2.70867
5.60385
9.25523
13.57209
17.07239
19.63960
21.41356
21.13231
18.69304
15.31893
12.44951
10.47376
8.45282
6.93233
6.44385
6.74783
7.04949
7.62358
8.29337
8.92602
9.35399
9.68996
9.86019
9.51651
8.68796
7.92110
7.13590
6.35635
5.68662
5.09260
4.59113
4.21347
3.96988
3.73447
3.47462
3.21837
2.95084
2.63041
2.38168
2.21681
2.02707
1.99571
1.88747
1.71772
1.50424
1.33776
1.21504
1.16284
1.14674
1.14223
1.13873
1.13561
1.11808
1.06620
0.96268
0.76565
0.55218
0.35848
0.24813
0.19392
0.22743
0.35521
0.46478
0.51352
0.48695
0.41729
0.38226
0.42927
0.51137
0.54728
0.53654
0.52995
0.50899
0.45006
0.45530
0.51356
0.40906
0.25073
0.11835
0.06149
0.34755
0.72143
1.08671
1.28756
1.43265
1.28674
0.97475
0.63928
0.43897
0.48991
0.34058
0.30640
0.44318
0.53750
0.50833
0.44713
0.33706
0.22189
0.13200
0.03078
0.23973
0.76985
1.09482
1.08826
1.50066
1.86890
2.12125
2.41072
2.74311
3.16672
3.58455
4.01165
4.43338
4.89046
5.58474
6.36639
7.05088
7.83887
9.24530
10.43408
10.97809
11.07988
10.30143
9.31529
10.05754
12.21300
14.07986
15.99727
16.92085
16.84704
16.85642
16.48828
15.55646
13.94792
12.24280
10.77428
9.54261
8.41575
7.46011
6.53967
5.88096
5.37646
4.73935
4.02953
3.25071
2.60773
2.08024
1.74389
1.51340
1.20546
0.73463
0.27199
0.26242
0.45820
0.52406
0.42110
0.24046
0.36860
0.66861
0.83440
0.73696
0.56496
0.46699
0.54016
0.64932
0.75762
0.74110
0.76508
0.75983
0.62865
0.50087
0.39093
0.42806
0.59845
0.79037
0.87909
0.85284
0.71175
0.48521
0.34890
0.26707
0.20519
0.19923
0.26630
0.33477
0.36215
0.39155
0.43218
0.46136
0.48259
0.46959
0.46789
0.52777
0.59851
0.63437
0.64444
0.62381
0.52568
0.42134
0.34969
0.32170
0.33690
0.34494
0.37450
0.39012
0.41693
0.44858
0.44557
0.44920
0.41674
0.31980
0.24597
0.15924
0.10761
0.17157
0.27198
0.33033
0.32625
0.55345
0.78727
1.38550
2.60400
5.08416
9.93598
14.36200
14.45307
10.87209
4.95693
3.08334
5.28427
8.95162
11.26537
10.03695
7.28416
4.24567
1.82211
1.56559
1.96567
1.93788
1.88622
1.97518
2.05580
2.11476
2.16063
2.17931
2.13706
2.03549
1.85489
1.58234
1.16231
0.82674
0.60294
0.45920
0.38318
0.38402
0.24479
0.27852
0.45998
0.70611
0.83476
0.77997
0.55584
0.32938
0.20533
0.17557
0.26915
0.43521
0.47851
0.41809
0.22527
0.08812
0.14119
0.14990
0.09814
0.07313
0.18459
0.27386
0.29658
0.26672
0.17816
0.12023
0.11634
0.14182
0.17042
0.17002
0.18219
0.19699
0.19189
0.15706
0.13124
0.08790
0.06855
0.04428
0.02781
0.04520
0.05736
0.04825
0.04509
0.03874
0.02115
0.02323
0.02661
0.03367
0.07278
0.08608
0.07816
0.08863
0.10219
0.10852
0.08603
0.08338
0.09699
0.08267
0.05507
0.03409
0.11654
0.23524
0.32334
0.37160
0.41204
0.41038
0.36633
0.32382
0.25211
0.20223
0.19971
0.13241
0.13251
0.16110
0.18719
0.28981
0.44730
0.52049
0.56149
0.63352
0.90766
1.58035
2.87486
3.74485
3.81929
3.22509
3.09175
3.80652
5.69546
9.30130
12.22254
14.02583
13.55128
10.10393
4.82803
0.67079
4.38001
8.00326
9.94764
10.47589
9.73804
8.41405
7.08667
5.67296
4.10502
2.35884
1.28207
1.11738
1.86962
2.47244
2.74181
2.79183
2.68555
2.40891
2.02842
1.63704
1.30127
1.05476
0.90669
0.68329
0.53318
0.55387
0.67310
0.76135
0.80868
0.69401
0.50078
0.26288
0.18744
0.46734
0.64317
0.60661
0.64062
0.77594
0.88653
0.93602
0.94950
0.98118
0.97106
0.94521
0.89899
0.84585
0.79883
0.67454
0.45246
0.36107
0.37581
0.34667
0.16364
0.13357
0.19655
0.17843
0.12537
0.07724
0.15231
0.36052
0.50780
0.55011
0.52225
0.46973
0.46881
0.46829
0.40424
0.33067
0.28431
0.25315
0.25828
0.26497
0.23871
0.21196
0.29478
0.42333
0.51617
0.58943
0.61157
0.58656
0.48860
0.34081
0.18522
0.06087
0.09904
0.12046
0.12360
0.09947
0.11228
0.18375
0.24940
0.28424
0.29185
0.25685
0.19704
0.12867
0.10257
0.12836
0.17122
0.33958
0.84292
1.75682
3.16327
5.19333
6.62227
7.21217
6.86347
5.21332
4.00649
5.85437
8.30003
9.41141
8.36200
7.54782
6.93225
6.70804
6.29026
5.79781
5.19842
4.28670
3.17824
2.09279
1.16425
0.49590
0.27790
0.53123
0.79049
0.93972
1.08194
1.23583
1.38621
1.48408
1.46560
1.35434
1.17876
0.95169
0.71409
0.53176
0.40247
0.34376
0.30131
0.29222
0.34479
0.32687
0.45041
0.46364
0.45807
0.39314
0.29428
0.55123
0.57453
0.84086
1.10935
0.77619
0.98702
1.85543
2.58995
2.72310
2.41241
1.82266
0.84293
0.45708
0.99223
1.04821
0.74024
0.43020
0.20470
0.42660
0.71103
0.73334
0.60894
0.48761
0.41495
0.38207
0.23976
0.16956
0.27398
0.35891
0.42876
0.37331
0.16101
0.15122
0.29114
0.35077
0.38670
0.37788
0.39985
0.57726
0.79595
1.05975
1.42579
1.88721
2.22591
2.28244
2.06587
1.88798
1.51611
1.21744
1.03379
1.69013
4.07247
9.72015
14.99589
16.89381
16.67420
14.89768
11.68695
8.36851
7.51079
11.63123
15.63081
15.44323
13.30694
10.51897
7.64954
5.59668
5.10768
5.82318
5.99923
5.62518
5.02399
4.40834
3.72384
3.02003
2.64293
2.49246
2.32010
2.00387
1.72125
1.54932
1.37620
1.22693
1.03133
0.91432
0.97258
1.21799
1.38057
1.45732
1.49156
1.41425
1.32434
1.41313
1.54947
1.52035
1.56051
1.75061
1.88489
1.83599
1.55472
1.32000
1.17383
0.98144
0.93349
0.95792
0.93939
0.83324
0.61236
0.55454
0.66563
0.73580
1.43384
1.56874
1.19287
0.91805
0.91258
0.52088
0.25096
0.45299
0.90322
1.10348
1.04786
0.95400
0.81613
0.66379
0.67122
0.69077
0.64385
0.49922
0.10353
0.32752
0.45313
0.43958
0.46193
0.49082
0.43418
0.26364
0.32046
0.36433
0.33434
0.33406
0.35119
0.36820
0.38801
0.35971
0.24847
0.20847
0.29271
0.35121
0.27891
0.12819
0.03015
0.05180
0.09289
0.11305
0.18029
0.20872
0.16064
0.11053
0.15983
0.25894
0.29447
0.30451
0.32693
0.36418
0.36239
0.31762
0.28372
0.27937
0.26343
0.24391
0.19976
0.14656
0.09077
0.07532
0.08358
0.07310
0.06621
0.05879
0.06343
0.06290
0.11522
0.18485
0.22636
0.23073
0.24418
0.27852
0.24160
0.29237
0.37926
1.70664
4.25392
7.19369
10.23937
11.88217
12.28755
11.83485
11.21906
11.44301
11.35126
11.36104
11.37768
11.83503
12.64754
12.63387
11.51561
9.49637
7.74555
6.55998
5.47976
4.32940
3.27931
2.40999
1.76426
1.42373
1.23052
1.00398
0.75438
0.64681
0.70154
0.78439
0.83423
0.90166
1.00436
1.02190
0.87547
0.73817
0.73138
0.81153
0.90882
0.92456
0.83677
0.73963
0.63682
0.59015
0.60043
0.64658
0.67658
0.65365
0.61375
0.54689
0.47961
0.41949
0.37110
0.33530
0.26818
0.24789
0.23808
0.18784
0.21774
0.28968
0.39781
0.50682
0.52626
0.46764
0.43072
0.44098
0.42540
0.30872
0.18430
0.15313
0.22945
0.27933
0.27202
0.23127
0.17498
0.15694
0.22374
0.27052
0.28149
0.26406
0.25873
0.26838
0.25132
0.17107
0.09662
0.11605
0.20255
0.25870
0.25528
0.25975
0.28484
0.25205
0.13325
0.13448
0.26162
0.29455
0.22054
0.14713
0.12546
0.11531
0.13434
0.15323
0.11115
0.06155
0.08498
0.10905
0.11482
0.12678
0.14964
0.13758
0.09865
0.05841
0.03828
0.07693
0.14578
0.18321
0.14381
0.06505
0.09355
0.19122
0.36288
0.54659
0.62156
0.55718
0.43318
0.29647
0.16095
0.05717
0.11588
0.12486
0.14455
0.22960
0.29866
0.36838
0.43259
0.44150
0.45487
0.54490
0.63225
0.74087
0.85185
0.92961
1.12049
1.81404
3.26520
5.46877
7.88379
9.80399
11.41609
13.36910
15.70082
16.42552
15.35386
12.96513
10.37672
7.38701
6.94232
7.28412
7.44711
8.35198
9.98840
10.98337
10.58304
9.57264
8.59462
7.70880
6.92407
5.93323
4.92770
4.23363
3.80198
3.42754
2.88668
2.34999
2.00334
1.83519
1.72383
1.57822
1.48937
1.42123
1.29496
1.17298
1.11455
1.13511
1.15909
1.12276
1.02445
0.95800
0.92349
0.85649
0.73491
0.61523
0.59332
0.53852
0.45282
0.40206
0.33121
0.27334
0.21950
0.16763
0.14874
0.33557
0.37195
0.19371
0.18824
0.24580
0.27054
0.26006
0.30632
0.51155
0.76542
0.90719
0.95700
1.11535
1.23479
1.43073
1.60888
1.80437
2.19019
1.98374
1.54296
1.38370
1.26536
1.10694
0.94933
0.82900
0.81419
0.83169
0.85281
0.86199
0.81444
0.79102
0.68399
0.56717
0.43449
0.50689
0.39832
0.41678
0.39524
0.36349
0.43155
0.41789
0.39049
0.39137
0.15534
0.09557
0.17332
0.12547
0.07597
0.09712
0.07675
0.15862
0.18691
0.10777
0.16631
0.26948
0.32232
0.47607
0.46884
0.34890
0.31032
0.35653
0.41034
0.45740
0.43051
0.39961
0.30379
0.19825
0.13601
0.10562
0.12299
0.13864
0.17665
0.22781
0.20929
0.12577
0.03709
0.05196
0.10921
0.15750
0.29541
0.43898
0.49025
0.48151
0.44662
0.43210
0.46975
0.50781
0.46983
0.36447
0.25863
0.19645
0.33750
0.62472
0.93069
1.45842
2.25967
3.53019
5.17774
6.68010
7.50746
7.61675
7.28159
6.80732
6.18130
6.78889
9.57485
11.93017
12.76316
12.98487
13.04135
12.55882
11.85437
10.82867
9.80367
8.87287
8.13411
7.25628
6.33221
5.19293
4.22744
3.45099
2.88391
2.59056
2.33554
1.99227
1.65519
1.38758
1.23874
1.12417
1.11553
1.08359
1.06911
1.13936
1.22067
1.24270
1.21504
1.17484
1.05412
0.93778
0.89122
0.78396
0.67108
0.57779
0.44738
0.34028
0.18779
0.19474
0.21815
0.21680
0.25823
0.27189
0.27194
0.24668
0.22983
0.18649
0.11451
0.10875
0.12282
0.09473
0.11364
0.15603
0.24266
0.30079
0.41106
0.52706
0.56657
0.62341
0.44901
0.20866
0.07517
0.27101
0.40174
0.45669
0.46826
0.42257
0.32665
0.25567
0.22346
0.19377
0.18636
0.15819
0.12367
0.14371
0.20673
0.25209
0.26460
0.24409
0.29917
0.30880
0.25009
0.19415
0.33033
0.45225
0.44888
0.41421
0.37469
0.41943
0.41040
0.43116
0.48155
0.48655
0.38850
0.28841
0.28319
0.35906
0.37778
0.37222
0.41465
0.42688
0.38529
0.34742
0.33035
0.34894
0.36096
0.34431
0.32359
0.29056
0.25935
0.22529
0.21975
0.28532
0.20463
0.27538
0.32091
0.40903
0.48536
0.50623
0.60412
0.75873
0.74455
0.59645
0.52748
0.60569
0.67523
1.12109
2.17016
3.35757
4.30289
5.17008
5.86331
6.29055
6.46566
6.82695
7.37003
7.67776
7.73023
7.64206
7.24489
6.51559
5.93479
4.32075
3.17686
3.73013
5.57073
8.26819
10.91305
12.48140
12.01611
11.32944
10.35216
8.98100
7.69474
6.85326
6.20016
5.48950
4.68735
4.29381
4.14338
3.92182
3.66242
3.43023
3.18792
2.89333
2.44134
1.88667
1.38826
1.07252
0.91689
0.79646
0.78247
0.92724
1.00215
0.94275
0.86639
0.77247
0.67686
0.57358
0.42585
0.27509
0.17984
0.20493
0.23670
0.28827
0.31337
0.28072
0.28775
0.32309
0.34684
0.38108
0.35061
0.22725
0.08949
0.15537
0.22871
0.20318
0.15767
0.14558
0.15794
0.16494
0.21106
0.29613
0.35283
0.38367
0.35698
0.36682
0.41991
0.43194
0.40684
0.34141
0.30173
0.27182
0.22450
0.17240
0.11376
0.07334
0.11160
0.17712
0.18318
0.16547
0.13626
0.14623
0.23568
0.24008
0.18745
0.17041
0.15953
0.18900
0.11864
0.08061
0.23034
0.27982
0.29284
0.27371
0.24961
0.29961
0.41805
0.50125
0.54427
0.50057
0.47259
0.48570
0.37670
0.21684
0.97818
1.70439
1.97959
2.04085
2.12614
2.26706
2.39057
2.41943
2.74060
3.26345
3.98600
4.81634
5.82513
6.79038
7.47641
7.79915
7.43042
6.35854
6.21255
8.78797
10.65210
11.68492
11.39728
10.34314
9.58342
8.67260
7.53703
6.19537
5.22310
4.59279
4.04403
3.50089
2.87070
2.34247
2.06475
1.97535
1.85944
1.51426
1.38795
1.52163
1.57228
1.40810
1.16073
1.08592
1.07379
0.98146
0.94062
0.90779
1.05800
1.07726
0.85111
0.63862
0.56026
0.47766
0.56839
0.66142
0.69337
0.76379
0.79959
0.84837
0.91888
0.87497
0.74888
0.63659
0.63041
0.68894
0.69563
0.58817
0.48662
0.42966
0.42259
0.44655
0.47134
0.46154
0.41413
0.31851
0.30123
0.36756
0.42219
0.44121
0.40310
0.39607
0.40127
0.38944
0.37441
0.34447
0.29993
0.27319
0.28461
0.38932
0.43986
0.36937
0.29680
0.27977
0.34218
0.44284
0.46660
0.42843
0.42502
0.42844
0.39108
0.31397
0.27946
0.25231
0.26982
0.39710
0.35323
0.28951
0.34967
0.43391
0.44570
0.39007
0.37246
0.33640
0.38118
0.56734
0.91072
1.26572
1.64320
1.92739
2.34174
2.84925
2.36923
0.88194
0.89922
2.07640
3.49278
5.13362
6.91924
8.61619
9.06609
7.35802
5.40294
4.97601
5.02580
5.60150
6.73484
7.88402
9.04158
9.90336
10.33323
9.82513
9.82992
10.04542
10.09340
9.64000
8.82308
7.91322
6.85064
5.53889
4.13494
3.01108
2.20075
1.61286
1.31718
1.33543
1.51387
1.69043
1.80564
1.91344
1.90341
1.81908
1.68118
1.60274
1.57209
1.49562
1.42911
1.40515
1.35800
1.28408
1.21279
1.16090
1.06219
0.91589
0.76271
0.65779
0.56549
0.47745
0.41774
0.43471
0.51445
0.55691
0.52667
0.51269
0.51287
0.50189
0.51741
0.48983
0.49090
0.47097
0.45127
0.44960
0.40565
0.34372
0.32592
0.36934
0.33757
0.33299
0.31945
0.24124
0.15791
0.08094
0.06529
0.20687
0.34930
0.49425
0.50699
0.47361
0.50896
0.58741
0.67524
0.74073
0.70045
0.59287
0.55401
0.65281
0.74756
0.76521
0.75291
0.80447
0.93195
1.09946
1.19981
1.19594
1.20640
1.33408
1.57176
1.76670
1.89351
1.96691
2.05742
2.15920
2.30421
2.54642
2.72675
2.77180
2.83886
3.04031
3.36953
3.84874
4.36752
5.01496
6.08114
7.48529
8.99860
9.63163
9.17230
9.10497
9.18436
8.81032
8.30559
9.00342
9.60910
9.91754
10.40383
11.59280
13.34890
13.90770
13.43092
12.85344
13.26189
13.16620
11.74103
9.97929
8.72371
8.01618
7.34466
6.74700
6.37226
6.14589
5.90929
5.92349
5.77603
5.49140
5.19618
4.79818
4.32531
3.89297
3.38258
3.05619
2.73093
2.33796
2.03442
1.95706
1.95446
1.85979
1.66617
1.85291
2.13436
2.18024
1.95422
1.91044
1.89161
1.76297
1.49856
1.36318
1.37806
1.09259
0.81483
0.72948
0.67332
0.59717
0.41048
0.28015
0.35275
0.38848
0.39192
0.27646
0.20745
0.26026
0.16212
0.17780
0.46551
0.97033
1.70737
2.59330
3.46142
3.90174
4.27448
4.89149
5.16451
4.82553
4.35974
4.30784
4.63373
5.36363
6.28859
7.49486
8.79838
9.79598
10.37847
10.52818
10.64134
11.01400
10.96782
10.40749
10.35075
10.80678
10.58172
9.52386
8.37685
7.56033
7.42201
7.96577
8.82545
9.58923
10.71568
12.23164
13.31666
13.67772
13.21081
13.01773
13.18917
13.16423
12.47999
11.43640
10.99817
11.02229
11.93831
12.58058
12.56449
12.37024
12.60408
13.00269
13.32028
12.85724
12.06908
11.05004
9.30448
6.72135
4.39194
4.61359
7.04926
9.75715
9.95124
9.37685
9.50709
8.37937
6.59967
4.74751
3.51357
2.79770
2.42850
1.88630
1.58453
1.27319
1.02390
0.85065
0.68331
0.68515
0.63736
0.53069
0.55890
0.65301
0.66456
0.58584
0.60131
0.56402
0.59701
0.60859
0.48676
0.35466
0.37624
0.33864
0.24855
0.27541
0.27257
0.23185
0.18209
0.24709
0.24205
0.27457
0.37879
0.49958
0.59527
0.58557
0.52305
0.38420
0.27134
0.19037
0.30852
0.45954
0.43263
0.35334
0.36045
0.37493
0.35119
0.40273
0.51516
0.63379
0.60277
0.40757
0.27333
0.26842
0.35741
0.60373
0.84520
1.02588
1.06106
0.93278
0.74264
0.51966
0.33709
0.19277
0.17506
0.30427
0.35660
0.32211
0.28705
0.25911
0.21957
0.18086
0.25164
0.36184
0.38104
0.32918
0.29653
0.30494
0.31902
0.29710
0.27302
0.22809
0.21886
0.21357
0.17526
0.12444
0.09334
0.13100
0.16784
0.20365
0.22163
0.21093
0.14482
0.10046
0.07504
0.10347
0.13210
0.17164
0.20121
0.20020
0.16491
0.11220
0.04714
0.07133
0.15808
0.20082
0.19320
0.16084
0.23824
0.29818
0.27441
0.20334
0.15196
0.12094
0.16022
0.10650
0.07871
0.13674
0.15125
0.07758
0.07595
0.09633
0.05006
0.04712
0.13693
0.25193
0.34769
0.40482
0.45618
0.62153
0.85942
1.05410
1.57918
2.87570
4.82152
6.57071
7.77061
7.78909
7.10219
5.55276
4.09786
6.28471
10.41694
12.59656
12.68524
11.83237
10.41749
8.81458
7.27482
5.89588
4.84134
3.96325
3.28889
2.87924
2.63696
2.51349
2.45049
2.36504
2.16176
1.94849
1.90958
1.98031
1.81308
1.43733
1.06393
0.75416
0.39968
0.27508
0.34811
0.37088
0.33182
0.27955
0.24944
0.20492
0.18453
0.12586
0.07074
0.07654
0.06067
0.19173
0.16838
0.05488
0.11798
0.19990
0.23373
0.26678
0.31340
0.27497
0.19448
0.14495
0.17014
0.16936
0.13501
0.13807
0.17349
0.17825
0.13608
0.08825
0.16266
0.24002
0.30739
0.31984
0.29539
0.32653
0.30930
0.93739
0.43911
0.61355
0.98292
0.78631
0.63282
0.42606
0.30534
0.49155
0.37376
0.32277
0.30392
0.32756
0.29503