0.13726
0.89850
1.47494
1.83108
2.02969
2.20275
2.29144
2.27571
2.12410
1.90365
1.67814
1.45556
1.28034
1.10429
0.97334
0.89417
0.83761
0.82561
0.82293
0.78001
0.76063
0.65687
0.57824
0.51527
0.48247
0.46105
0.44161
0.47624
0.50504
0.52291
0.51586
0.51148
0.50327
0.49304
0.48788
0.49012
0.46870
0.46561
0.49096
0.53514
0.57684
0.64506
0.71802
0.78306
0.86860
0.94828
1.01733
1.15264
1.26328
1.35294
1.37836
1.40157
1.42128
1.42445
1.43020
1.43679
1.55799
1.68022
1.78667
1.87763
1.95560
2.01293
2.06030
2.05814
2.04710
1.93708
1.84181
1.80036
1.77108
1.73539
1.70792
1.79202
1.84651
1.62710
1.44844
1.31207
0.99057
0.74551
0.56454
0.67394
0.87385
1.09395
1.28182
1.42910
1.54876
1.58703
1.61249
1.56431
1.51393
1.47553
1.35602
1.19080
1.06595
0.95842
0.73065
0.55376
0.41408
0.37662
0.34479
0.39222
0.45506
0.51364
0.56547
0.71963
0.84948
0.96820
1.06969
1.16752
1.26973
1.35352
1.34502
1.33957
1.32420
1.27059
1.22195
1.05425
0.92812
0.82662
0.75118
0.59202
0.55748
0.53064
0.49321
0.67597
0.82408
0.92203
1.13226
1.30877
1.42536
1.39811
1.36861
0.91462
0.60330
0.45962
0.48427
0.49096
0.53408
0.37850
0.36574
0.43830
0.53695
0.63280
0.71610
0.82348
0.92910
1.02525
0.99708
0.79435
0.70352
0.82182
0.92938
1.20107
1.46956
1.63416
1.65253
1.44469
1.12797
0.84001
0.71608
0.75159
0.80195
0.82649
0.83378
0.81828
0.84121
0.90496
0.97786
1.03020
0.94743
0.86844
0.81468
0.77261
0.75497
0.80590
0.89537
0.95090
0.95565
0.94665
0.90556
0.72292
0.58710
0.73070
0.96312
0.98368
1.04828
1.18550
1.33723
1.50147
1.55906
1.46129
1.21258
1.00676
1.00076
1.01446
0.97578
0.90073
0.82560
0.76769
0.69450
0.56662
0.48021
0.44366
0.49331
0.57008
0.73781
0.88665
1.00730
1.17275
1.30856
1.41400
1.49956
1.56301
1.54010
1.51396
1.38659
1.28620
1.17552
1.08754
1.00841
0.94548
0.89536
0.84736
0.81028
0.78416
0.75958
0.73233
0.71000
0.72928
0.74052
0.78786
0.82863
0.85027
0.85660
0.85013
0.80788
0.76692
0.73961
0.68074
0.63419
0.55408
0.51395
0.50971
0.53680
0.62894
0.71984
0.79954
0.94847
1.07037
1.16913
1.21299
1.25474
1.22589
1.20537
1.28428
1.35685
1.48327
1.58849
1.59772
1.61870
1.63356
1.62414
1.61142
1.61959
1.61654
1.61804
1.61203
1.59051
1.46347
1.34963
1.15281
1.00363
0.92925
0.89054
0.85709
0.86423
0.85811
0.86112
0.84580
0.88009
0.90789
0.90952
0.94546
0.95534
0.93663
0.90579
0.82649
0.76600
0.70573
0.65457
0.62522
0.69614
0.80132
0.90322
1.07513
1.23264
1.36623
1.51172
1.62938
1.69474
1.75631
1.66356
1.59587
1.54330
1.41881
1.31798
1.23871
1.18323
1.13434
1.02798
0.94689
0.87318
0.75916
0.66569
0.64942
0.64817
0.63910
0.73245
0.82380
0.88095
0.90221
0.89843
0.89635
0.92438
0.96618
1.03735
1.03030
0.93298
0.92971
1.14854
1.43024
1.26815
0.90031
0.71198
0.58011
0.57619
0.72115
0.92767
1.04571
1.00749
0.81270
0.52929
0.41716
0.56249
0.64535
0.68484
0.77899
0.89411
0.96521
0.99719
1.00390
1.03064
1.03266
0.97040
0.88938
0.79352
0.64581
0.49712
0.44644
0.46060
0.43947
0.41336
0.52025
0.92255
1.27839
1.24902
1.19779
1.08291
1.05990
1.15916
1.25148
1.29948
1.26993
1.17253
1.04633
0.92392
0.85091
0.87203
0.87670
0.86516
0.83509
0.76425
0.63349
0.45194
0.26461
0.19529
0.32097
0.47795
0.54533
0.59656
0.64695
0.70820
0.76331
0.84976
0.92896
1.01090
1.09280
1.15482
1.21357
1.08918
0.79973
0.51890
0.33815
0.40695
0.66862
0.97526
1.07344
0.90223
0.66599
0.46364
0.39833
0.49043
0.66804
0.80335
0.84841
0.85218
0.88738
0.93918
1.03756
1.16030
1.22449
1.20244
1.07448
0.93187
0.80410
0.70535
0.78898
0.99654
0.95171
1.25189
1.84845
1.96467
1.55831
1.23161
1.05238
0.84668
0.66857
0.60033
0.58658
0.57720
0.53545
0.51446
0.63722
0.87001
1.11255
1.31290
1.38114
1.37412
1.34593
1.26886
1.17610
1.07442
0.90237
0.63038
0.33752
0.37966
0.58333
0.92897
1.67125
2.05507
2.31639
2.65270
2.61940
2.16503
1.79498
1.79582
1.90800
1.91394
1.80599
1.64293
1.48281
1.35282
1.24789
1.16494
1.13734
1.19826
1.29359
1.35967
1.36285
1.38402
1.46718
1.50546
1.40704
1.22625
1.00624
0.97817
1.16807
1.35322
1.41123
1.56944
2.02017
2.49269
2.78011
2.62283
2.07481
1.56906
1.25520
1.11686
1.03656
0.98015
0.96384
0.90195
0.78687
0.71296
0.79824
1.01793
1.28679
1.44714
1.42950
1.29243
1.14583
1.05621
1.05543
1.07835
1.08683
1.04210
0.95701
0.94084
0.98523
1.07359
1.18876
1.22281
1.30767
1.57598
1.76126
1.70011
1.50239
1.28585
1.21899
1.21838
1.13647
0.97563
0.84776
0.77874
0.74435
0.83736
1.07086
1.29250
1.42781
1.46982
1.39823
1.27905
1.13195
1.01325
0.93176
0.90231
0.90358
0.92765
0.95056
0.91533
0.87872
0.85133
0.92350
0.99940
0.98786
0.99366
1.13513
1.46756
1.84277
2.07536
2.05357
1.79696
1.55174
1.40143
1.30487
1.15261
1.04045
0.87525
0.75627
0.77279
0.88978
1.06067
1.18003
1.20765
1.19119
1.09834
0.95405
0.82949
0.69605
0.54910
0.51709
0.59329
0.68561
0.78268
0.91383
1.06408
1.18526
1.57082
2.03747
2.26613
2.10193
1.71718
1.38236
1.15295
0.93842
0.76773
0.68098
0.70983
0.85148
1.03626
1.22889
1.41073
1.51823
1.55654
1.49446
1.31600
1.13943
1.04667
0.93730
0.82323
0.75620
0.64850
0.51617
0.53610
0.70290
0.78835
0.76140
0.88467
1.26431
1.74134
2.21688
2.34418
1.95021
1.61003
1.45243
1.33085
1.20783
1.05057
0.85979
0.71079
0.59299
0.61928
0.85395
1.15824
1.42254
1.62405
1.72085
1.72196
1.67922
1.56240
1.35485
1.13085
0.96302
0.88863
0.86978
0.90588
0.99171
1.05342
1.13988
1.23826
1.37250
1.77463
2.39745
3.03850
3.07608
2.68326
2.16648
1.77230
1.56150
1.38534
1.24899
1.07507
0.87002
0.82838
1.09062
1.47660
1.78846
1.92035
1.92179
1.83576
1.68514
1.52323
1.41112
1.38315
1.41618
1.42468
1.32839
1.16345
0.98831
0.85726
0.83731
0.96246
0.98035
0.97284
1.23314
1.70411
2.37309
2.73658
2.66208
2.52684
2.34317
2.06878
1.68268
1.21198
0.82816
0.76337
0.99029
1.33402
1.67519
1.95568
2.04354
1.94762
1.77658
1.59141
1.39743
1.24146
1.12427
1.06371
1.05820
1.06148
1.03129
0.96096
0.90140
0.91062
0.89988
0.91230
0.90089
0.77362
1.78361
2.81610
2.84318
2.51011
2.02698
1.63669
1.31631
1.01809
0.90847
1.10403
1.41846
1.63662
1.69534
1.66985
1.64854
1.63262
1.51904
1.30758
1.16431
1.18629
1.23199
1.26559
1.17165
1.05274
0.96601
0.95525
0.97419
1.04215
1.21253
1.31157
1.43614
1.72428
2.39731
2.87476
2.65202
1.99996
1.54792
1.40957
1.40288
1.38827
1.33992
1.19586
0.95801
0.81784
0.88027
1.04612
1.27407
1.46803
1.57034
1.52894
1.38721
1.27404
1.18449
1.10146
0.99691
0.91341
0.80249
0.73573
0.76233
0.95785
1.14035
1.28441
1.68284
2.07768
2.31904
2.23398
1.89172
1.47831
1.24710
1.18401
1.13326
1.00112
0.92245
0.84822
0.72385
0.71369
0.93622
1.26704
1.44678
1.42764
1.34414
1.28176
1.20499
1.09462
0.99941
0.95602
0.89798
0.85228
0.76064
0.75659
0.80892
0.85420
0.88323
0.92212
1.09065
1.48605
1.91413
2.15338
2.04638
1.64990
1.21361
0.92757
0.82870
0.87303
0.95460
0.96877
0.86606
0.75079
0.72347
0.83592
1.07412
1.26103
1.29414
1.22672
1.09705
0.98995
0.93697
0.90196
0.85824
0.83671
0.80592
0.79751
0.83835
0.88529
0.91962
0.97521
1.22467
1.74730
1.97533
1.72978
1.37052
1.15012
1.31776
1.47149
1.48892
1.32404
1.11079
0.91838
0.73068
0.52226
0.39613
0.51588
0.72761
0.90126
1.02568
1.05664
1.04718
1.06212
1.10172
1.10006
1.07969
1.05147
0.98550
0.94575
0.93842
0.99390
1.14723
1.28676
1.33383
1.46833
1.66293
1.89746
2.03086
1.78933
1.22066
0.66436
0.65248
0.71548
0.80650
0.85190
0.82869
0.77861
0.72938
0.67298
0.60182
0.52785
0.54744
0.54624
0.59431
0.65654
0.70170
0.75915
0.84076
0.91436
0.92415
0.86213
0.81177
0.80667
0.87431
0.95335
0.92411
0.86665
1.03433
1.28333
1.33796
1.25635
1.09402
0.87669
0.75183
0.84339
0.89789
0.82934
0.69979
0.56144
0.45045
0.49715
0.62861
0.84845
1.05510
1.19547
1.26776
1.28875
1.21335
1.02766
0.76219
0.41555
0.19237
0.10376
0.11784
0.23455
0.50014
0.44958
0.39108
0.63245
1.44713
1.84876
1.78579
1.51541
1.31928
1.29481
1.32059