1462027245979|1.40|-1.76|1.39
1462027245993|1.32|-1.70|1.20
1462027246014|1.24|-1.63|1.02
1462027246040|1.24|-1.54|0.91
1462027246056|1.32|-1.42|0.81
1462027246074|1.34|-1.28|0.69
1462027246094|1.33|-1.17|0.59
1462027246117|1.30|-1.08|0.54
1462027246139|1.24|-1.01|0.54
1462027246158|1.36|-0.90|0.54
1462027246181|1.45|-0.83|0.54
1462027246201|1.40|-0.76|0.57
1462027246222|1.37|-0.72|0.61
1462027246244|1.27|-0.64|0.58
1462027246266|1.16|-0.57|0.48
1462027246286|1.04|-0.52|0.39
1462027246308|0.93|-0.46|0.39
1462027246330|0.81|-0.44|0.34
1462027246351|0.68|-0.39|0.21
1462027246373|0.59|-0.34|0.05
1462027246395|0.51|-0.28|-0.00
1462027246415|0.42|-0.26|-0.02
1462027246437|0.31|-0.26|0.01
1462027246458|0.19|-0.30|0.04
1462027246479|0.06|-0.33|0.07
1462027246501|0.02|-0.38|0.15
1462027246523|0.06|-0.38|0.19
1462027246543|0.07|-0.37|0.18
1462027246565|0.01|-0.38|0.14
1462027246587|-0.04|-0.38|0.07
1462027246607|-0.05|-0.33|0.01
1462027246629|-0.03|-0.28|-0.01
1462027246650|0.06|-0.23|0.01
1462027246671|0.10|-0.22|0.07
1462027246693|0.04|-0.27|0.14
1462027246716|-0.02|-0.35|0.19
1462027246736|-0.01|-0.39|0.23
1462027246758|0.03|-0.41|0.18
1462027246780|0.04|-0.39|0.07
1462027246801|0.01|-0.39|0.01
1462027246823|-0.04|-0.38|0.01
1462027246844|-0.06|-0.35|0.03
1462027246865|-0.04|-0.29|0.04
1462027246886|-0.01|-0.22|0.04
1462027246908|-0.00|-0.13|0.03
1462027246928|-0.01|-0.09|0.07
1462027246950|-0.04|-0.08|0.13
1462027246972|-0.06|-0.08|0.20
1462027246992|-0.00|-0.08|0.22
1462027247014|0.06|-0.04|0.17
1462027247036|0.07|0.01|0.07
1462027247056|0.09|0.04|-0.05
1462027247078|0.06|0.05|-0.11
1462027247100|0.04|0.02|-0.07
1462027247120|0.02|0.02|-0.02
1462027247141|0.05|0.05|-0.06
1462027247163|0.05|0.08|-0.07
1462027247183|0.02|0.07|0.00
1462027247204|-0.04|0.01|0.15
1462027247226|-0.08|-0.05|0.29
1462027247249|-0.05|-0.10|0.36
1462027247267|0.02|-0.12|0.37
1462027247290|0.02|-0.15|0.31
1462027247312|-0.01|-0.19|0.22
1462027247332|-0.05|-0.20|0.12
1462027247353|-0.07|-0.18|0.05
1462027247374|-0.06|-0.13|-0.02
1462027247395|-0.05|-0.06|-0.11
1462027247417|-0.06|0.01|-0.15
1462027247437|-0.08|0.04|-0.13
1462027247459|-0.09|0.08|-0.10
1462027247482|-0.07|0.11|-0.11
1462027247504|-0.04|0.13|-0.11
1462027247522|-0.05|0.12|-0.10
1462027247544|-0.07|0.10|-0.12
1462027247564|-0.08|0.06|-0.12
1462027247586|-0.10|0.01|-0.11
1462027247607|-0.15|-0.07|-0.07
1462027247628|-0.18|-0.11|-0.02
1462027247649|-0.15|-0.14|0.01
1462027247674|-0.08|-0.14|0.02
1462027247698|-0.01|-0.18|0.06
1462027247716|-0.01|-0.22|0.11
1462027247737|0.03|-0.26|0.10
1462027247758|0.12|-0.26|0.05
1462027247782|0.18|-0.25|0.00
1462027247800|0.18|-0.26|-0.03
1462027247820|0.18|-0.28|-0.04
1462027247842|0.17|-0.30|-0.00
1462027247863|0.15|-0.30|0.07
1462027247883|0.18|-0.26|0.14
1462027247904|0.22|-0.20|0.14
1462027247925|0.20|-0.15|0.15
1462027247946|0.21|-0.13|0.18
1462027247970|0.18|-0.11|0.22
1462027247990|0.14|-0.09|0.26
1462027248011|0.13|-0.09|0.25
1462027248033|0.12|-0.07|0.22
1462027248054|0.13|-0.05|0.17
1462027248074|0.11|-0.02|0.14
1462027248095|0.09|-0.01|0.12
1462027248117|0.07|0.00|0.11
1462027248137|0.06|-0.01|0.11
1462027248160|0.03|-0.01|0.12
1462027248182|0.02|-0.03|0.13
1462027248205|0.04|-0.02|0.13
1462027248223|0.01|-0.01|0.08
1462027248245|-0.12|0.00|0.01
1462027248265|-0.21|0.00|-0.04
1462027248287|-0.27|0.00|-0.05
1462027248308|-0.30|0.00|0.00
1462027248329|-0.31|-0.00|0.05
1462027248351|-0.34|0.01|0.02
1462027248373|-0.35|0.01|-0.02
1462027248393|-0.33|0.00|0.00
1462027248417|-0.28|-0.03|0.12
1462027248439|-0.23|-0.05|0.18
1462027248459|-0.16|-0.03|0.16
1462027248480|-0.08|0.05|0.09
1462027248502|0.00|0.09|0.03
1462027248524|-0.01|0.10|-0.00
1462027248544|-0.05|0.08|-0.03
1462027248566|-0.06|0.10|-0.08
1462027248587|-0.03|0.12|-0.14
1462027248608|0.06|0.14|-0.10
1462027248629|0.07|0.08|-0.02
1462027248649|-0.02|0.03|0.02
1462027248673|0.01|0.03|0.01
1462027248693|0.05|0.05|0.01
1462027248716|0.10|0.05|0.02
1462027248737|0.14|0.03|0.04
1462027248757|0.15|-0.02|0.10
1462027248778|0.21|-0.05|0.14
1462027248800|0.31|-0.04|0.11
1462027248823|0.40|-0.00|0.04
1462027248842|0.45|0.01|0.00
1462027248863|0.47|0.01|-0.03
1462027248884|0.46|0.02|-0.06
1462027248908|0.50|0.01|-0.05
1462027248927|0.54|-0.01|0.02
1462027248950|0.55|-0.03|0.08
1462027248969|0.52|-0.05|0.05
1462027248990|0.45|-0.05|-0.00
1462027249014|0.36|-0.04|-0.02
1462027249035|0.28|-0.04|0.06
1462027249056|0.20|-0.03|0.10
1462027249077|0.09|0.02|0.01
1462027249097|-0.02|0.12|-0.16
1462027249120|-0.09|0.17|-0.20
1462027249142|-0.17|0.17|-0.11
1462027249161|-0.25|0.13|0.03
1462027249186|-0.32|0.09|0.14
1462027249208|-0.33|0.06|0.18
1462027249224|-0.30|0.05|0.15
1462027249246|-0.32|0.04|0.11
1462027249267|-0.40|-0.01|0.04
1462027249290|-0.46|-0.05|-0.02
1462027249310|-0.48|-0.06|-0.06
1462027249331|-0.46|-0.04|-0.09
1462027249352|-0.42|0.00|-0.11
1462027249374|-0.42|0.00|-0.09
1462027249399|-0.45|-0.04|0.02
1462027249417|-0.42|-0.07|0.12
1462027249437|-0.35|-0.08|0.19
1462027249459|-0.24|-0.07|0.19
1462027249480|-0.15|-0.04|0.13
1462027249502|-0.06|-0.03|0.06
1462027249533|0.02|-0.04|0.03
1462027249535|0.07|-0.05|0.00
1462027249547|0.14|-0.08|0.02
1462027249567|0.22|-0.09|0.02
1462027249589|0.26|-0.09|0.03
1462027249611|0.25|-0.12|0.04
1462027249631|0.23|-0.16|0.07
1462027249652|0.26|-0.17|0.14
1462027249673|0.27|-0.17|0.24
1462027249695|0.26|-0.19|0.30
1462027249716|0.26|-0.19|0.31
1462027249737|0.22|-0.19|0.28
1462027249759|0.25|-0.15|0.21
1462027249781|0.32|-0.09|0.14
1462027249802|0.36|-0.03|0.11
1462027249823|0.35|0.00|0.09
1462027249844|0.33|0.04|0.06
1462027249866|0.33|0.06|0.04
1462027249886|0.33|0.09|0.03
1462027249908|0.28|0.10|0.02
1462027249928|0.23|0.09|-0.02
1462027249950|0.17|0.08|-0.06
1462027249973|0.07|0.05|-0.03
1462027249992|-0.08|0.04|-0.02
1462027250018|-0.20|0.07|-0.04
1462027250035|-0.26|0.10|-0.08
1462027250056|-0.29|0.12|-0.07
1462027250077|-0.32|0.11|-0.01
1462027250098|-0.38|0.07|0.01
1462027250118|-0.42|0.05|-0.01
1462027250142|-0.45|0.02|-0.04
1462027250164|-0.47|0.00|-0.06
1462027250184|-0.46|-0.01|-0.10
1462027250206|-0.42|-0.01|-0.10
1462027250227|-0.39|-0.03|-0.08
1462027250248|-0.38|-0.05|-0.04
1462027250270|-0.31|-0.04|-0.02
1462027250294|-0.23|-0.01|-0.01
1462027250314|-0.16|0.02|-0.00
1462027250333|-0.09|0.04|0.02
1462027250356|-0.06|0.04|0.02
1462027250377|-0.03|0.04|0.04
1462027250399|-0.01|0.02|0.09
1462027250421|0.06|0.04|0.10
1462027250441|0.13|0.06|0.06
1462027250463|0.17|0.09|0.01
1462027250485|0.19|0.09|-0.01
1462027250504|0.16|0.08|0.01
1462027250525|0.10|0.04|0.04
1462027250548|0.07|0.01|0.03
1462027250569|0.07|0.00|0.02
1462027250590|0.07|-0.02|-0.00
1462027250611|0.04|-0.07|-0.00
1462027250633|0.01|-0.14|0.05
1462027250654|-0.02|-0.19|0.16
1462027250676|0.06|-0.19|0.20
1462027250697|0.18|-0.15|0.17
1462027250717|0.24|-0.13|0.16
1462027250740|0.28|-0.12|0.16
1462027250758|0.35|-0.08|0.14
1462027250781|0.46|-0.02|0.09
1462027250801|0.49|0.01|0.09
1462027250823|0.47|0.01|0.08
1462027250845|0.42|0.04|0.01
1462027250866|0.40|0.08|-0.03
1462027250887|0.38|0.10|-0.01
1462027250908|0.31|0.11|0.01
1462027250928|0.20|0.10|0.02
1462027250948|0.06|0.09|0.03
1462027250970|-0.03|0.06|0.03
1462027250991|-0.11|0.06|0.04
1462027251014|-0.18|0.05|0.06
1462027251035|-0.23|0.01|0.11
1462027251056|-0.29|-0.02|0.10
1462027251076|-0.31|-0.07|0.06
1462027251096|-0.28|-0.04|-0.00
1462027251120|-0.21|0.01|-0.07
1462027251144|-0.20|0.04|-0.11
1462027251162|-0.20|0.06|-0.12
1462027251182|-0.15|0.08|-0.08
1462027251204|-0.09|0.10|0.01
1462027251225|-0.05|0.11|0.12
1462027251245|-0.03|0.11|0.14
1462027251266|-0.01|0.14|0.06
1462027251289|-0.09|0.08|-0.05
1462027251313|-0.38|-0.12|-0.08
1462027251334|-0.64|-0.31|-0.04
1462027251357|-0.66|-0.32|-0.02
1462027251376|-0.52|-0.21|-0.01
1462027251397|-0.39|-0.10|0.03
1462027251418|-0.33|-0.02|0.07
1462027251447|-0.21|0.09|0.06
1462027251450|-0.12|0.18|0.05
1462027251463|0.06|0.28|0.09
1462027251484|0.29|0.37|0.20
1462027251506|0.48|0.40|0.26
1462027251527|0.52|0.38|0.17
1462027251548|0.46|0.33|0.06
1462027251568|0.36|0.22|0.06
1462027251589|0.28|0.08|0.14
1462027251613|0.20|-0.04|0.21
1462027251634|0.09|-0.12|0.20
1462027251654|0.00|-0.14|0.11
1462027251677|-0.06|-0.15|0.01
1462027251699|-0.07|-0.16|-0.00
1462027251718|-0.08|-0.16|0.01
1462027251740|-0.11|-0.15|-0.04
1462027251761|-0.10|-0.15|-0.09
1462027251783|-0.06|-0.12|-0.10
1462027251805|-0.00|-0.11|-0.05
1462027251826|0.09|-0.12|0.05
1462027251846|0.15|-0.12|0.13
1462027251868|0.18|-0.11|0.16
1462027251890|0.21|-0.09|0.16
1462027251909|0.25|-0.06|0.14
1462027251932|0.29|0.01|0.10
1462027251956|0.29|0.08|0.02
1462027251976|0.27|0.12|-0.06
1462027251998|0.23|0.15|-0.08
1462027252018|0.15|0.14|-0.08
1462027252039|0.07|0.14|-0.08
1462027252061|0.02|0.11|-0.06
1462027252085|-0.03|0.08|-0.02
1462027252104|-0.09|0.02|-0.00
1462027252126|-0.15|-0.03|0.03
1462027252147|-0.14|-0.08|0.07
1462027252168|-0.12|-0.10|0.07
1462027252190|-0.10|-0.10|0.03
1462027252211|-0.04|-0.08|-0.01
1462027252232|0.01|-0.05|-0.02
1462027252253|0.07|-0.05|-0.01
1462027252275|0.09|-0.02|0.01
1462027252297|0.07|-0.00|0.03
1462027252318|0.02|0.03|0.04
1462027252338|0.00|0.06|0.07
1462027252357|0.01|0.09|0.15
1462027252380|0.01|0.10|0.25
1462027252402|-0.06|0.09|0.28
1462027252423|-0.10|0.09|0.23
1462027252445|-0.14|0.08|0.19
1462027252465|-0.06|0.07|0.16
1462027252485|-0.00|0.04|0.13
1462027252506|0.04|-0.01|0.10
1462027252528|0.06|-0.07|0.03
1462027252549|0.10|-0.09|-0.04
1462027252570|0.18|-0.09|-0.07
1462027252593|0.23|-0.07|-0.11
1462027252612|0.17|-0.01|-0.14
1462027252634|0.03|0.09|-0.09
1462027252658|-0.08|0.13|0.04
1462027252676|-0.19|0.12|0.21
1462027252697|-0.26|0.09|0.33
1462027252718|-0.26|0.10|0.27
1462027252739|-0.27|0.11|0.08
1462027252760|-0.27|0.11|-0.08
1462027252781|-0.23|0.07|-0.13
1462027252804|-0.17|-0.00|-0.14
1462027252824|-0.06|-0.03|-0.21
1462027252846|0.05|-0.02|-0.25
1462027252869|0.14|-0.06|-0.15
1462027252888|0.18|-0.08|-0.01
1462027252908|0.23|-0.08|0.08
1462027252929|0.30|-0.02|0.09
1462027252950|0.35|0.04|0.04
1462027252972|0.34|0.07|0.04
1462027252993|0.32|0.06|0.12
1462027253016|0.26|0.03|0.19
1462027253037|0.16|0.04|0.19
1462027253058|0.07|0.07|0.16
1462027253083|0.02|0.12|0.18
1462027253098|0.00|0.14|0.22
1462027253118|-0.07|0.12|0.25
1462027253142|-0.12|0.09|0.19
1462027253163|-0.10|0.07|0.12
1462027253184|-0.09|0.06|0.04
1462027253207|-0.10|0.07|-0.07
1462027253230|-0.11|0.08|-0.16
1462027253249|-0.13|0.09|-0.19
1462027253270|-0.18|0.08|-0.18
1462027253292|-0.22|0.07|-0.19
1462027253313|-0.16|0.11|-0.21
1462027253335|-0.04|0.12|-0.16
1462027253357|0.02|0.04|0.08
1462027253380|0.04|-0.07|0.31
1462027253407|0.10|-0.12|0.39
1462027253421|0.23|-0.05|0.25
1462027253445|0.36|0.03|0.07
1462027253464|0.43|0.06|-0.02
1462027253486|0.43|0.02|-0.00
1462027253506|0.42|-0.03|0.05
1462027253528|0.43|-0.03|0.08
1462027253550|0.47|0.02|0.07
1462027253570|0.50|0.08|0.02
1462027253593|0.45|0.11|-0.02
1462027253619|0.38|0.13|-0.03
1462027253621|0.32|0.15|-0.04
1462027253636|0.24|0.16|-0.02
1462027253658|0.15|0.16|0.01
1462027253682|0.04|0.14|0.04
1462027253700|-0.07|0.12|0.04
1462027253720|-0.20|0.07|-0.01
1462027253742|-0.35|0.02|-0.07
1462027253766|-0.47|-0.01|-0.13
1462027253785|-0.53|-0.01|-0.14
1462027253806|-0.56|-0.02|-0.10
1462027253828|-0.57|-0.04|-0.03
1462027253851|-0.59|-0.02|0.02
1462027253870|-0.60|0.01|0.04
1462027253890|-0.59|0.01|0.07
1462027253913|-0.54|0.02|0.10
1462027253937|-0.49|0.04|0.08
1462027253955|-0.43|0.06|0.04
1462027253977|-0.36|0.09|0.03
1462027253999|-0.31|0.10|0.03
1462027254019|-0.27|0.11|0.04
1462027254040|-0.19|0.12|0.06
1462027254063|-0.11|0.13|0.07
1462027254087|-0.06|0.14|0.08
1462027254105|-0.01|0.16|0.07
1462027254125|0.05|0.19|0.03
1462027254147|0.10|0.20|0.03
1462027254171|0.14|0.15|0.10
1462027254191|0.15|0.06|0.19
1462027254210|0.15|-0.01|0.18
1462027254233|0.14|-0.04|0.10
1462027254256|0.16|-0.08|0.01
1462027254277|0.17|-0.10|-0.03
1462027254298|0.17|-0.10|-0.09
1462027254321|0.15|-0.07|-0.13
1462027254339|0.15|-0.02|-0.15
1462027254359|0.15|0.04|-0.15
1462027254382|0.14|0.09|-0.12
1462027254403|0.13|0.09|-0.05
1462027254424|0.13|0.07|-0.02
1462027254445|0.12|0.07|-0.04
1462027254466|0.15|0.05|-0.04
1462027254490|0.18|0.03|-0.00
1462027254510|0.22|-0.02|0.06
1462027254530|0.22|-0.06|0.07
1462027254552|0.19|-0.00|0.01
1462027254575|0.27|0.04|-0.00
1462027254593|0.29|0.07|0.03
1462027254614|0.24|0.05|0.10
1462027254636|0.17|0.00|0.21
1462027254656|0.17|-0.05|0.30
1462027254678|0.20|-0.07|0.25
1462027254700|0.23|-0.02|0.02
1462027254720|0.21|0.04|-0.21
1462027254741|0.15|0.07|-0.31
1462027254764|0.08|0.08|-0.28
1462027254784|-0.01|0.09|-0.23
1462027254808|-0.10|0.12|-0.17
1462027254828|-0.17|0.14|-0.09
1462027254849|-0.28|0.15|0.03
1462027254872|-0.36|0.15|0.16
1462027254896|-0.45|0.10|0.24
1462027254915|-0.49|0.09|0.31
1462027254937|-0.47|0.09|0.32
1462027254959|-0.44|0.08|0.21
1462027254981|-0.41|0.08|0.11
1462027255003|-0.35|0.04|0.07
1462027255026|-0.32|-0.04|0.12
1462027255041|-0.28|-0.12|0.17
1462027255063|-0.21|-0.14|0.12
1462027255084|-0.09|-0.10|0.01
1462027255105|0.00|-0.07|-0.04
1462027255127|0.05|-0.09|-0.03
1462027255148|0.02|-0.12|-0.03
1462027255168|0.03|-0.12|-0.07
1462027255189|0.09|-0.07|-0.12
1462027255214|0.15|-0.02|-0.13
1462027255234|0.15|0.01|-0.08
1462027255255|0.13|0.03|-0.02
1462027255277|0.12|0.06|0.00
1462027255296|0.10|0.09|0.03
1462027255318|0.10|0.13|0.10
1462027255340|0.10|0.13|0.14
1462027255359|0.11|0.13|0.09
1462027255383|0.10|0.13|0.01
1462027255403|0.09|0.10|-0.03
1462027255424|0.06|0.05|-0.04
1462027255447|0.04|-0.01|-0.03
1462027255469|0.03|-0.05|-0.02
1462027255488|0.08|-0.05|-0.05
1462027255511|0.06|0.01|-0.09
1462027255533|0.03|0.02|-0.09
1462027255553|-0.02|0.01|-0.05
1462027255575|-0.06|0.01|0.05
1462027255596|-0.07|0.01|0.12
1462027255618|-0.06|-0.00|0.19
1462027255638|-0.07|-0.02|0.24
1462027255659|-0.07|-0.02|0.22
1462027255679|-0.03|-0.00|0.15
1462027255703|-0.01|0.02|0.05
1462027255726|0.03|0.02|-0.01
1462027255747|0.03|0.01|-0.03
1462027255768|0.05|0.00|-0.06
1462027255788|0.08|0.04|-0.12
1462027255809|0.09|0.08|-0.17
1462027255833|0.06|0.06|-0.17
1462027255853|-0.02|0.01|-0.09
1462027255874|-0.09|-0.02|0.02
1462027255896|-0.12|-0.02|0.09
1462027255919|-0.13|-0.01|0.13
1462027255937|-0.16|-0.02|0.17
1462027255961|-0.21|-0.05|0.24
1462027255982|-0.24|-0.10|0.26
1462027256002|-0.28|-0.10|0.20
1462027256024|-0.26|-0.07|0.12
1462027256045|-0.24|-0.05|0.05
1462027256067|-0.19|-0.02|0.02
1462027256088|-0.19|-0.00|-0.03
1462027256108|-0.19|0.01|-0.04
1462027256128|-0.15|0.02|0.00
1462027256150|-0.12|0.01|0.05
1462027256172|-0.08|-0.00|0.06
1462027256192|-0.03|-0.02|0.05
1462027256214|-0.03|0.01|-0.03
1462027256235|-0.00|-0.03|-0.06
1462027256257|0.03|-0.02|-0.03
1462027256277|0.08|0.00|-0.00
1462027256300|0.09|0.01|0.01
1462027256321|0.06|0.02|0.00
1462027256345|0.02|0.01|-0.04
1462027256371|0.03|0.02|-0.12
1462027256388|0.05|0.02|-0.15
1462027256410|0.07|-0.02|-0.06
1462027256431|0.03|-0.08|0.11
1462027256452|-0.00|-0.11|0.21
1462027256473|0.00|-0.10|0.23
1462027256495|0.01|-0.08|0.18
1462027256515|0.02|-0.05|0.17
1462027256538|0.05|-0.03|0.20
1462027256558|0.07|-0.02|0.22
1462027256579|0.08|-0.00|0.18
1462027256602|0.11|0.03|0.10
1462027256626|0.11|0.07|0.02
1462027256645|0.10|0.10|-0.04
1462027256666|0.14|0.09|-0.04
1462027256688|0.11|0.07|0.01
1462027256708|0.07|0.05|0.08
1462027256729|0.03|0.05|0.09
1462027256751|0.01|0.07|0.08
1462027256773|0.03|0.08|0.10
1462027256793|0.05|0.08|0.13
1462027256818|0.06|0.06|0.08
1462027256838|0.04|0.05|-0.03
1462027256858|0.03|0.02|-0.16
1462027256878|0.05|0.00|-0.22
1462027256899|0.08|-0.04|-0.21
1462027256922|0.06|-0.09|-0.13
1462027256944|0.01|-0.13|-0.04
1462027256965|-0.05|-0.12|-0.01
1462027256988|-0.10|-0.08|-0.02
1462027257009|-0.10|-0.03|0.01
1462027257028|-0.08|-0.00|0.09
1462027257050|-0.09|0.01|0.14
1462027257073|-0.12|0.03|0.12
1462027257094|-0.11|0.07|0.05
1462027257114|-0.05|0.09|0.02
1462027257135|0.01|0.08|0.01
1462027257157|0.02|0.05|-0.00
1462027257178|0.00|0.01|-0.02
1462027257201|0.03|0.00|-0.03
1462027257219|0.06|0.01|-0.03
1462027257242|0.08|0.04|-0.07
1462027257264|0.07|0.05|-0.10
1462027257283|0.08|0.03|-0.08
1462027257305|0.08|0.01|-0.03
1462027257326|0.05|-0.04|-0.02
1462027257347|-0.01|-0.09|-0.02
1462027257368|-0.05|-0.13|-0.02
1462027257390|-0.08|-0.13|-0.06
1462027257413|-0.10|-0.12|0.01
1462027257432|-0.09|-0.14|0.16
1462027257456|-0.07|-0.15|0.29
1462027257478|-0.02|-0.13|0.30
1462027257503|0.03|-0.09|0.28
1462027257520|0.09|-0.04|0.27
1462027257539|0.14|-0.01|0.22
1462027257562|0.16|0.01|0.15
1462027257584|0.16|-0.00|0.08
1462027257603|0.14|-0.02|0.02
1462027257626|0.14|-0.03|-0.02
1462027257648|0.16|-0.03|-0.02
1462027257668|0.14|-0.04|-0.02
1462027257689|0.09|-0.06|0.03
1462027257710|0.03|-0.09|0.05
1462027257731|-0.02|-0.09|0.06
1462027257753|-0.08|-0.10|0.06
1462027257775|-0.12|-0.10|0.08
1462027257796|-0.17|-0.09|0.05
1462027257817|-0.19|-0.05|0.02
1462027257837|-0.17|-0.03|0.07
1462027257857|-0.15|-0.04|0.17
1462027257879|-0.12|-0.04|0.23
1462027257901|-0.06|0.00|0.18
1462027257922|-0.01|0.04|0.08
1462027257944|0.01|0.05|0.02
1462027257965|0.03|0.05|-0.03
1462027257986|0.06|0.05|-0.07
1462027258014|0.06|0.04|-0.07
1462027258032|0.03|0.02|-0.03
1462027258050|-0.01|-0.00|-0.00
1462027258071|-0.02|-0.02|0.03
1462027258092|-0.02|-0.03|0.05
1462027258113|-0.04|-0.01|0.02
1462027258135|-0.02|0.02|-0.02
1462027258156|0.02|0.02|-0.01
1462027258178|0.05|-0.00|0.04
1462027258203|0.05|-0.02|0.05
1462027258225|0.06|-0.01|0.04
1462027258241|0.08|-0.01|0.02
1462027258264|0.09|0.00|-0.01
1462027258286|0.08|0.01|-0.03
1462027258306|0.06|0.01|0.01
1462027258327|0.04|-0.01|0.05
1462027258348|0.00|-0.01|0.03
1462027258369|-0.02|0.02|-0.04
1462027258391|-0.02|0.05|-0.08
1462027258413|-0.03|0.04|-0.07
1462027258435|-0.08|0.02|-0.06
1462027258457|-0.13|-0.01|-0.05
1462027258476|-0.13|-0.03|-0.05
1462027258496|-0.10|-0.05|0.04
1462027258517|-0.10|-0.08|0.19
1462027258539|-0.12|-0.06|0.19
1462027258559|-0.16|0.01|0.11
1462027258580|-0.16|0.10|0.10
1462027258603|-0.06|0.16|0.22
1462027258623|0.05|0.19|0.31
1462027258643|0.12|0.20|0.29
1462027258666|0.13|0.21|0.16
1462027258687|0.14|0.20|0.04
1462027258710|0.16|0.16|-0.05
1462027258729|0.12|0.08|-0.11
1462027258752|0.07|0.02|-0.19
1462027258774|0.04|-0.05|-0.27
1462027258796|0.03|-0.06|-0.31
1462027258816|0.06|-0.05|-0.35
1462027258839|0.08|-0.01|-0.38
1462027258865|0.07|0.02|-0.33
1462027258880|0.01|0.03|-0.17
1462027258902|-0.02|0.05|-0.03
1462027258924|-0.01|0.10|0.08
1462027258944|0.04|0.15|0.19
1462027258966|0.07|0.19|0.32
1462027258988|0.06|0.17|0.39
1462027259008|0.06|0.13|0.37
1462027259029|0.04|0.08|0.27
1462027259051|-0.02|0.00|0.15
1462027259071|-0.04|-0.04|0.05
1462027259093|-0.02|-0.07|-0.04
1462027259116|-0.00|-0.10|-0.10
1462027259134|-0.01|-0.12|-0.11
1462027259156|0.04|-0.13|-0.06
1462027259179|0.10|-0.10|-0.00
1462027259201|0.15|-0.07|0.04
1462027259224|0.16|-0.09|0.09
1462027259245|0.13|-0.11|0.14
1462027259263|0.13|-0.13|0.20
1462027259283|0.13|-0.12|0.19
1462027259306|0.15|-0.08|0.13
1462027259327|0.15|-0.03|0.04
1462027259349|0.13|0.01|-0.01
1462027259369|0.06|0.02|-0.04
1462027259388|-0.01|0.02|-0.08
1462027259410|-0.06|0.03|-0.09
1462027259431|-0.14|0.02|-0.11
1462027259452|-0.23|0.02|-0.17
1462027259473|-0.31|-0.00|-0.17
1462027259495|-0.38|-0.05|-0.10
1462027259518|-0.44|-0.09|-0.03
1462027259536|-0.49|-0.12|0.02
1462027259560|-0.49|-0.12|0.06
1462027259580|-0.44|-0.11|0.10
1462027259601|-0.36|-0.06|0.13
1462027259622|-0.27|-0.02|0.13
1462027259643|-0.21|0.02|0.13
1462027259667|-0.15|0.04|0.11
1462027259692|-0.08|0.07|0.08
1462027259708|0.01|0.09|0.04
1462027259730|0.06|0.09|0.00
1462027259755|0.05|0.04|0.00
1462027259775|0.02|-0.00|-0.02
1462027259793|0.01|-0.03|-0.07
1462027259814|0.02|-0.04|-0.08
1462027259835|0.01|-0.06|-0.08
1462027259857|-0.00|-0.07|-0.05
1462027259878|-0.00|-0.09|-0.01
1462027259899|-0.01|-0.10|0.02
1462027259921|0.01|-0.07|0.03
1462027259943|0.04|-0.02|0.03
1462027259965|0.04|0.02|0.05
1462027259988|0.03|0.01|0.17
1462027260008|0.03|-0.06|0.35
1462027260030|0.06|-0.12|0.49
1462027260051|0.14|-0.14|0.48
1462027260074|0.22|-0.11|0.38
1462027260094|0.30|-0.11|0.27
1462027260116|0.31|-0.14|0.20
1462027260138|0.25|-0.17|0.10
1462027260157|0.20|-0.17|-0.03
1462027260181|0.17|-0.11|-0.14
1462027260203|0.13|-0.06|-0.16
1462027260222|0.05|-0.02|-0.14
1462027260244|-0.02|0.01|-0.08
1462027260266|-0.05|0.05|-0.04
1462027260286|-0.07|0.07|-0.01
1462027260313|-0.08|0.08|0.02
1462027260330|-0.07|0.07|0.05
1462027260350|-0.08|0.05|0.06
1462027260376|-0.12|0.02|0.02
1462027260396|-0.13|0.00|-0.04
1462027260415|-0.11|0.01|-0.08
1462027260438|-0.05|0.02|-0.06
1462027260458|-0.03|0.05|-0.05
1462027260479|-0.05|0.07|-0.03
1462027260500|-0.05|0.08|0.00
1462027260523|-0.02|0.09|0.07
1462027260543|0.01|0.09|0.12
1462027260567|0.01|0.07|0.17
1462027260590|-0.01|0.05|0.19
1462027260611|-0.05|0.06|0.09
1462027260631|-0.07|0.06|-0.04
1462027260652|-0.07|0.05|-0.09
1462027260673|-0.07|0.03|-0.11
1462027260696|-0.07|0.06|-0.15
1462027260717|-0.06|0.05|-0.19
1462027260738|-0.10|0.04|-0.19
1462027260761|-0.15|0.03|-0.15
1462027260781|-0.19|0.03|-0.07
1462027260801|-0.17|0.03|0.02
1462027260824|-0.10|0.05|0.12
1462027260846|-0.02|0.07|0.21
1462027260869|0.03|0.08|0.24
1462027260890|0.06|0.07|0.25
1462027260912|0.08|0.05|0.23
1462027260933|0.10|0.02|0.22
1462027260954|0.14|-0.01|0.19
1462027260977|0.16|-0.02|0.12
1462027260998|0.16|-0.02|0.01
1462027261021|0.15|-0.02|-0.06
1462027261044|0.14|-0.01|-0.04
1462027261061|0.12|-0.00|-0.01
1462027261083|0.09|0.00|0.00
1462027261108|0.04|0.00|0.02
1462027261126|-0.00|0.00|0.03
1462027261147|-0.01|0.00|0.02
1462027261169|0.01|0.02|0.01
1462027261194|0.04|0.04|-0.02
1462027261210|0.02|0.05|-0.02
1462027261233|-0.02|0.04|-0.03
1462027261253|-0.05|0.05|-0.05
1462027261276|-0.06|0.06|-0.10
1462027261297|-0.06|0.08|-0.07
1462027261317|-0.07|0.06|0.02
1462027261338|-0.10|0.02|0.13
1462027261364|-0.11|-0.01|0.20
1462027261382|-0.07|-0.01|0.18
1462027261403|-0.03|-0.00|0.12
1462027261424|-0.00|0.01|0.05
1462027261447|0.02|0.03|-0.01
1462027261468|0.04|0.05|-0.08
1462027261494|0.05|0.10|-0.12
1462027261511|0.02|0.12|-0.13
1462027261530|-0.00|0.13|-0.08
1462027261552|-0.00|0.13|-0.00
1462027261572|0.02|0.11|0.09
1462027261593|0.01|0.09|0.17
1462027261619|-0.02|0.05|0.23
1462027261635|-0.04|0.02|0.27
1462027261656|-0.04|0.00|0.27
1462027261679|-0.05|0.01|0.19
1462027261702|-0.04|0.01|0.11
1462027261722|-0.04|0.01|0.01
1462027261744|-0.04|0.00|-0.08
1462027261767|-0.05|-0.00|-0.15
1462027261787|-0.02|0.01|-0.23
1462027261807|0.01|0.04|-0.29
1462027261827|0.06|0.06|-0.29
1462027261848|0.10|0.05|-0.22
1462027261870|0.09|0.03|-0.16
1462027261890|0.09|0.04|-0.15
1462027261913|0.11|0.07|-0.17
1462027261935|0.13|0.08|-0.12
1462027261956|0.10|0.04|0.01
1462027261978|0.06|0.01|0.14
1462027261999|0.03|0.00|0.19
1462027262019|0.06|0.03|0.14
1462027262040|0.10|0.05|0.11
1462027262062|0.12|0.05|0.14
1462027262083|0.10|0.01|0.19
1462027262105|0.04|-0.02|0.20
1462027262126|-0.02|-0.03|0.17
1462027262146|-0.05|-0.02|0.12
1462027262171|-0.05|-0.02|0.08
1462027262193|-0.07|-0.04|0.09
1462027262211|-0.08|-0.07|0.12
1462027262233|-0.06|-0.05|0.11
1462027262259|-0.03|-0.02|0.07
1462027262277|-0.02|-0.02|0.04
1462027262299|-0.01|-0.02|0.06
1462027262320|-0.00|-0.03|0.06
1462027262342|0.00|-0.03|0.04
1462027262362|-0.01|-0.03|0.03
1462027262385|-0.04|-0.04|0.03
1462027262405|-0.07|-0.03|0.02
1462027262426|-0.04|-0.01|0.01
1462027262448|-0.03|0.00|0.02
1462027262469|-0.03|0.00|0.04
1462027262491|-0.03|0.01|0.04
1462027262513|-0.04|0.03|0.01
1462027262534|-0.03|0.05|-0.06
1462027262554|0.00|0.04|-0.06
1462027262575|0.03|0.02|-0.00
1462027262597|0.04|-0.01|-0.01
1462027262617|0.02|0.02|-0.10
1462027262640|0.04|0.05|-0.16
1462027262660|0.04|0.05|-0.14
1462027262682|-0.01|0.05|-0.12
1462027262703|-0.05|0.06|-0.08
1462027262725|-0.08|0.06|-0.03
1462027262746|-0.12|0.08|0.03
1462027262767|-0.12|0.07|0.12
1462027262787|-0.14|0.03|0.28
1462027262810|-0.18|-0.06|0.44
1462027262831|-0.21|-0.11|0.48
1462027262850|-0.19|-0.11|0.36
1462027262873|-0.13|-0.10|0.19
1462027262897|-0.08|-0.14|0.07
1462027262917|-0.07|-0.16|-0.02
1462027262938|-0.04|-0.16|-0.10
1462027262960|0.00|-0.13|-0.17
1462027262980|0.03|-0.07|-0.17
1462027263003|0.07|-0.02|-0.10
1462027263027|0.10|0.03|-0.02
1462027263045|0.11|0.07|0.04
1462027263067|0.13|0.11|0.04
1462027263089|0.14|0.12|0.01
1462027263112|0.10|0.11|-0.04
1462027263135|0.07|0.10|-0.08
1462027263153|0.03|0.04|-0.09
1462027263174|-0.01|-0.01|-0.06
1462027263197|-0.00|-0.04|-0.02
1462027263217|-0.01|-0.06|-0.01
1462027263237|-0.03|-0.07|-0.00
1462027263258|-0.04|-0.07|0.01
1462027263281|0.00|-0.04|0.01
1462027263300|0.05|-0.02|0.04
1462027263321|0.05|-0.02|0.07
1462027263344|0.05|0.00|0.08
1462027263364|0.07|0.04|0.06
1462027263386|0.11|0.08|0.04
1462027263408|0.09|0.06|0.10
1462027263428|0.07|0.02|0.15
1462027263451|0.05|0.00|0.17
1462027263475|0.04|-0.01|0.13
1462027263495|0.02|-0.01|0.11
1462027263516|0.00|-0.02|0.06
1462027263536|-0.00|-0.02|0.02
1462027263557|-0.01|-0.02|0.01
1462027263579|-0.04|-0.03|0.04
1462027263602|-0.06|-0.04|0.06
1462027263620|-0.08|-0.03|0.06
1462027263642|-0.08|-0.02|0.04
1462027263664|-0.06|-0.00|0.04
1462027263687|-0.04|0.00|0.03
1462027263704|-0.04|-0.00|0.02
1462027263727|-0.05|0.00|0.00
1462027263748|-0.05|0.01|-0.03
1462027263770|-0.04|0.03|-0.04
1462027263790|-0.01|0.01|0.01
1462027263810|-0.00|-0.01|0.06
1462027263834|-0.02|-0.01|0.08
1462027263856|-0.03|0.00|0.07
1462027263877|-0.04|0.01|0.06
1462027263901|-0.03|0.02|0.06
1462027263920|-0.00|0.03|0.05
1462027263939|-0.00|0.03|0.06
1462027263959|-0.03|0.01|0.05
1462027263982|-0.06|-0.01|0.03
1462027264002|-0.04|0.00|0.01
1462027264024|-0.01|-0.00|0.04
1462027264045|0.00|-0.01|0.05
1462027264071|0.01|-0.01|0.04
1462027264088|0.00|0.00|0.04
1462027264107|0.01|-0.01|0.05
1462027264129|0.03|0.01|0.04
1462027264156|0.06|0.03|0.03
1462027264176|0.04|0.03|0.02
1462027264194|0.03|0.03|-0.01
1462027264217|0.03|0.04|-0.01
1462027264239|0.04|0.03|0.01
1462027264258|0.02|0.02|0.04
1462027264279|0.01|0.02|0.06
1462027264301|-0.00|0.02|0.05
1462027264324|-0.01|0.02|0.04
1462027264344|-0.01|0.02|0.04
1462027264367|-0.01|-0.01|0.05
1462027264386|-0.03|-0.02|0.06
1462027264409|-0.04|0.00|-0.00
1462027264428|-0.02|0.04|-0.06
1462027264449|0.01|0.04|-0.05
1462027264470|0.02|0.02|0.02
1462027264495|0.02|0.01|0.10
1462027264513|0.02|0.01|0.12
1462027264535|0.02|0.02|0.11
1462027264558|0.05|0.02|0.07
1462027264580|0.06|0.03|0.06
1462027264599|0.06|0.02|0.06
1462027264621|0.03|0.00|0.05
1462027264643|0.00|-0.01|0.02
1462027264665|-0.00|-0.01|0.01
1462027264685|-0.00|-0.01|-0.01
1462027264706|-0.00|-0.01|0.00
1462027264729|-0.01|-0.02|0.04
1462027264749|-0.01|-0.01|0.06
1462027264769|0.00|0.01|0.03
1462027264791|0.02|0.04|0.01
1462027264814|0.03|0.04|0.02
1462027264832|0.03|0.03|0.02
1462027264854|0.03|0.02|0.01
1462027264877|0.04|0.03|0.02
1462027264896|0.03|0.02|0.01
1462027264918|0.01|0.02|-0.01
1462027264940|0.01|0.03|-0.02
1462027264960|0.01|0.02|-0.00
1462027264981|0.01|0.02|0.02
1462027265004|0.01|0.01|0.01
1462027265025|-0.00|0.01|-0.01
1462027265046|-0.04|0.02|-0.03
1462027265067|-0.03|0.04|-0.03
1462027265087|-0.00|0.03|0.02
1462027265109|0.00|0.01|0.09
1462027265130|0.00|0.01|0.09
1462027265152|0.01|0.02|0.05
1462027265174|0.04|0.04|0.01
1462027265196|0.07|0.05|0.02
1462027265217|0.08|0.04|0.05
1462027265238|0.05|0.02|0.06
1462027265263|0.01|0.01|0.01
1462027265280|0.01|0.03|-0.04
1462027265302|0.02|0.03|-0.03
1462027265324|0.02|0.00|-0.00
1462027265345|-0.02|0.00|0.03
1462027265366|-0.03|0.00|0.03
1462027265389|-0.03|0.01|0.02
1462027265408|-0.02|0.01|0.01
1462027265431|-0.02|-0.01|0.01
1462027265453|-0.01|-0.01|0.00
1462027265471|-0.00|-0.01|0.01
1462027265494|-0.01|-0.02|0.02
1462027265516|-0.01|-0.01|-0.00
1462027265535|-0.01|0.01|-0.02
1462027265559|-0.00|0.02|-0.01
1462027265583|-0.02|0.02|0.02
1462027265601|-0.03|0.02|0.04
1462027265621|-0.02|-0.00|0.06
1462027265643|-0.04|-0.02|0.07
1462027265666|-0.05|-0.03|0.05
1462027265686|-0.05|-0.01|-0.02
1462027265708|-0.02|0.03|-0.05
1462027265726|0.02|0.01|0.00
1462027265747|0.01|-0.01|0.07
1462027265769|-0.00|-0.00|0.09
1462027265790|0.01|0.01|0.08
1462027265812|0.01|0.02|0.06
1462027265834|0.02|0.01|0.05
1462027265854|0.01|0.00|0.05
1462027265876|-0.01|-0.02|0.06
1462027265897|-0.06|-0.04|0.03
1462027265919|-0.06|-0.03|-0.03
1462027265940|-0.04|-0.02|-0.02
1462027265962|-0.03|-0.03|0.03
1462027265983|-0.04|-0.04|0.06
1462027266004|-0.03|-0.02|0.07
1462027266027|-0.00|-0.00|0.08
1462027266046|0.01|0.01|0.08
1462027266069|0.02|0.02|0.06
1462027266089|0.02|0.01|0.05
1462027266111|0.03|0.00|0.08
1462027266134|0.05|-0.01|0.10
1462027266155|0.10|-0.01|0.10
1462027266175|0.14|-0.01|0.09
1462027266200|0.15|0.01|0.02
1462027266221|0.13|0.03|-0.08
1462027266240|0.07|0.03|-0.12
1462027266259|-0.02|0.01|-0.13
1462027266283|-0.12|-0.02|-0.10
1462027266303|-0.21|-0.03|-0.08
1462027266324|-0.29|-0.01|-0.09
1462027266345|-0.35|0.00|-0.09
1462027266366|-0.40|-0.00|0.01
1462027266390|-0.43|-0.04|0.14
1462027266412|-0.46|-0.06|0.20
1462027266430|-0.41|-0.04|0.17
1462027266452|-0.32|0.00|0.13
1462027266474|-0.25|0.03|0.11
1462027266493|-0.17|0.03|0.12
1462027266516|-0.11|0.02|0.13
1462027266542|-0.05|0.01|0.11
1462027266558|0.02|0.01|0.06
1462027266579|0.10|0.01|-0.01
1462027266601|0.12|-0.02|-0.03
1462027266625|0.13|-0.06|-0.02
1462027266643|0.15|-0.06|-0.04
1462027266666|0.18|-0.03|-0.02
1462027266686|0.18|-0.01|-0.01
1462027266709|0.19|0.02|0.02
1462027266730|0.18|0.03|0.05
1462027266750|0.16|0.04|0.09
1462027266772|0.15|0.04|0.11
1462027266793|0.12|0.02|0.11
1462027266813|0.12|0.01|0.09
1462027266836|0.15|0.01|0.08
1462027266861|0.17|0.01|0.06
1462027266880|0.18|-0.00|0.03
1462027266900|0.20|-0.01|-0.01
1462027266922|0.22|-0.02|0.01
1462027266943|0.21|-0.05|0.06
1462027266966|0.21|-0.04|0.04
1462027266989|0.22|-0.01|-0.01
1462027267008|0.24|0.03|-0.05
1462027267028|0.23|0.04|-0.02
1462027267055|0.20|0.03|0.04
1462027267072|0.17|0.03|0.07
1462027267093|0.12|0.04|0.08
1462027267115|0.10|0.04|0.10
1462027267136|0.07|0.05|0.12
1462027267158|0.04|0.06|0.10
1462027267181|-0.02|0.06|0.07
1462027267199|-0.07|0.04|0.05
1462027267220|-0.10|0.03|0.02
1462027267243|-0.12|0.02|0.01
1462027267266|-0.14|0.00|-0.01
1462027267285|-0.15|-0.01|-0.01
1462027267306|-0.16|-0.02|-0.01
1462027267328|-0.16|-0.01|0.01
1462027267348|-0.16|0.01|0.02
1462027267370|-0.14|0.01|0.01
1462027267391|-0.12|0.04|-0.00
1462027267415|-0.11|0.04|-0.02
1462027267436|-0.12|0.06|-0.02
1462027267456|-0.12|0.04|0.00
1462027267479|-0.13|0.04|0.04
1462027267501|-0.12|0.04|0.03
1462027267520|-0.14|0.05|-0.01
1462027267543|-0.14|0.05|-0.06
1462027267566|-0.16|0.05|-0.07
1462027267586|-0.16|0.02|-0.03
1462027267608|-0.16|-0.01|0.02
1462027267630|-0.16|-0.03|0.06
1462027267649|-0.13|-0.02|0.05
1462027267670|-0.07|-0.01|0.03
1462027267693|0.00|-0.02|0.04
1462027267712|0.05|-0.02|0.05
1462027267735|0.09|-0.00|0.02
1462027267757|0.15|0.04|-0.00
1462027267776|0.21|0.04|0.02
1462027267798|0.21|0.02|0.06
1462027267820|0.19|0.01|0.09
1462027267839|0.19|0.01|0.08
1462027267860|0.20|0.03|0.06
1462027267882|0.20|0.03|0.05
1462027267903|0.18|0.01|0.02
1462027267924|0.15|-0.00|-0.00
1462027267947|0.09|-0.04|-0.02
1462027267968|0.02|-0.06|-0.04
1462027267989|-0.01|-0.05|-0.06
1462027268014|-0.01|-0.06|-0.05
1462027268033|-0.03|-0.07|-0.01
1462027268055|-0.03|-0.06|0.03
1462027268077|-0.06|-0.03|0.02
1462027268096|-0.07|-0.01|0.02
1462027268119|-0.04|0.00|0.09
1462027268140|-0.04|0.02|0.12
1462027268160|-0.03|0.03|0.11
1462027268184|-0.06|0.04|0.08
1462027268207|-0.08|0.02|0.09
1462027268227|-0.13|-0.01|0.12
1462027268247|-0.17|-0.02|0.09
1462027268272|-0.21|-0.01|0.03
1462027268291|-0.23|-0.00|0.00
1462027268314|-0.24|0.00|0.04
1462027268336|-0.21|0.02|0.05
1462027268356|-0.17|0.05|0.06
1462027268377|-0.15|0.06|0.10
1462027268400|-0.13|0.05|0.12
1462027268419|-0.08|0.05|0.12
1462027268442|0.00|0.05|0.09
1462027268463|0.09|0.06|0.07
1462027268483|0.16|0.05|0.06
1462027268507|0.23|0.05|0.02
1462027268527|0.30|0.05|0.00
1462027268548|0.35|0.04|0.05
1462027268569|0.40|-0.00|0.13
1462027268595|0.43|-0.04|0.17
1462027268615|0.44|-0.05|0.14
1462027268635|0.44|-0.04|0.10
1462027268658|0.45|-0.03|0.11
1462027268678|0.43|-0.04|0.13
1462027268699|0.40|-0.05|0.12
1462027268720|0.35|-0.04|0.09
1462027268743|0.31|-0.01|0.04
1462027268764|0.27|0.01|-0.03
1462027268786|0.19|0.01|-0.10
1462027268805|0.07|0.00|-0.13
1462027268828|-0.05|-0.02|-0.06
1462027268850|-0.13|-0.03|-0.03
1462027268869|-0.19|-0.00|-0.04
1462027268892|-0.23|0.03|-0.03
1462027268913|-0.24|0.05|0.00
1462027268935|-0.25|0.07|0.03
1462027268957|-0.22|0.10|0.04
1462027268978|-0.21|0.13|0.03
1462027268998|-0.20|0.16|0.00
1462027269020|-0.18|0.17|0.00
1462027269042|-0.16|0.13|-0.01
1462027269063|-0.19|0.10|0.01
1462027269086|-0.23|0.05|0.01
1462027269106|-0.26|-0.00|-0.01
1462027269128|-0.30|-0.03|-0.05
1462027269148|-0.33|-0.07|-0.06
1462027269172|-0.34|-0.08|-0.03
1462027269195|-0.33|-0.10|0.00
1462027269215|-0.31|-0.08|0.00
1462027269236|-0.29|-0.04|-0.02
1462027269257|-0.22|0.02|-0.03
1462027269280|-0.14|0.03|0.04
1462027269299|-0.06|0.04|0.08
1462027269320|0.01|0.06|0.09
1462027269342|0.07|0.05|0.06
1462027269364|0.15|0.09|0.03
1462027269384|0.27|0.12|-0.01
1462027269408|0.34|0.12|0.02
1462027269428|0.31|0.06|0.08
1462027269448|0.21|0.01|0.15
1462027269469|0.20|-0.00|0.17
1462027269492|0.19|0.02|0.15
1462027269516|0.18|0.03|0.11
1462027269537|0.15|0.06|0.07
1462027269556|0.10|0.07|0.04
1462027269576|0.05|0.07|0.04
1462027269600|0.04|0.06|0.08
1462027269623|0.04|0.06|0.10
1462027269640|0.04|0.06|0.08
1462027269662|0.04|0.07|0.01
1462027269685|0.04|0.08|-0.03
1462027269705|0.09|0.07|-0.01
1462027269730|0.11|0.05|-0.02
1462027269749|0.11|0.06|-0.09
1462027269769|0.14|0.07|-0.13
1462027269792|0.15|0.07|-0.13
1462027269813|0.14|0.04|-0.12
1462027269834|0.14|0.05|-0.13
1462027269855|0.16|0.06|-0.14
1462027269876|0.15|0.06|-0.15
1462027269898|0.09|0.03|-0.17
1462027269920|0.06|-0.01|-0.17
1462027269940|0.05|-0.02|-0.14
1462027269960|0.03|-0.04|-0.13
1462027269983|0.01|-0.05|-0.17
1462027270009|-0.01|-0.05|-0.17
1462027270027|-0.00|-0.06|-0.14
1462027270047|-0.01|-0.06|-0.11
1462027270070|-0.02|-0.08|-0.10
1462027270090|-0.06|-0.10|-0.13
1462027270113|-0.10|-0.07|-0.22
1462027270135|-0.09|-0.04|-0.26
1462027270156|-0.06|-0.05|-0.16
1462027270175|-0.07|-0.10|0.04
1462027270198|-0.07|-0.11|0.19
1462027270219|-0.05|-0.10|0.23
1462027270239|-0.06|-0.11|0.28
1462027270262|-0.07|-0.13|0.35
1462027270281|-0.08|-0.14|0.37
1462027270302|-0.08|-0.15|0.32
1462027270325|-0.11|-0.15|0.28
1462027270346|-0.13|-0.17|0.25
1462027270366|-0.15|-0.15|0.20
1462027270388|-0.10|-0.14|0.18
1462027270408|-0.05|-0.13|0.21
1462027270433|-0.03|-0.12|0.26
1462027270456|0.01|-0.09|0.27
1462027270475|0.04|-0.06|0.25
1462027270497|0.04|-0.05|0.22
1462027270519|0.04|-0.05|0.21
1462027270540|0.07|-0.03|0.21
1462027270561|0.06|-0.04|0.19
1462027270584|0.03|-0.04|0.13
1462027270607|0.03|-0.03|0.06
1462027270625|0.02|-0.01|0.03
1462027270647|0.01|-0.01|0.04
1462027270665|-0.00|-0.02|0.06
1462027270687|-0.02|-0.00|0.05
1462027270711|-0.01|0.01|0.04
1462027270730|-0.01|0.04|0.03
1462027270753|-0.01|0.05|0.03
1462027270774|-0.02|0.05|0.02
1462027270796|0.01|0.06|0.02
1462027270817|0.04|0.04|0.01
1462027270838|0.02|0.04|-0.06
1462027270859|0.01|0.06|-0.18
1462027270880|0.02|0.09|-0.26
1462027270903|0.01|0.08|-0.16
1462027270924|-0.03|0.05|-0.01
1462027270945|-0.05|0.06|0.09
1462027270966|-0.02|0.12|0.12
1462027270986|0.02|0.16|0.14
1462027271012|0.04|0.18|0.14
1462027271030|0.04|0.18|0.12
1462027271051|0.05|0.17|0.09
1462027271073|0.05|0.14|0.06
1462027271096|0.03|0.12|-0.02
1462027271116|0.03|0.12|-0.11
1462027271137|0.04|0.11|-0.11
1462027271157|0.01|0.07|-0.04
1462027271179|-0.02|0.06|0.03
1462027271200|-0.04|0.07|0.05
1462027271222|-0.02|0.10|0.06
1462027271244|0.01|0.12|0.08
1462027271265|0.01|0.13|0.10
1462027271288|0.01|0.13|0.10
1462027271307|-0.02|0.13|0.09
1462027271328|-0.01|0.13|0.05
1462027271350|0.02|0.14|0.01
1462027271370|0.01|0.14|-0.00
1462027271392|0.00|0.13|-0.03
1462027271415|-0.01|0.12|-0.06
1462027271435|-0.01|0.12|-0.07
1462027271458|-0.00|0.10|-0.06
1462027271480|-0.00|0.09|-0.07
1462027271499|-0.00|0.07|-0.08
1462027271523|0.00|0.07|-0.04
1462027271542|0.01|0.04|-0.00
1462027271565|0.00|0.03|-0.03
1462027271586|0.01|0.02|-0.10
1462027271608|0.02|0.05|-0.17
1462027271628|0.06|0.04|-0.20
1462027271653|0.10|0.03|-0.21
1462027271675|0.10|0.03|-0.24
1462027271694|0.08|0.06|-0.30
1462027271717|0.06|0.09|-0.37
1462027271739|0.02|0.10|-0.36
1462027271758|-0.03|0.06|-0.24
1462027271780|-0.10|0.03|-0.08
1462027271803|-0.13|0.01|0.01
1462027271822|-0.17|0.03|0.06
1462027271845|-0.18|0.03|0.18
1462027271865|-0.20|-0.07|0.34
1462027271886|-0.27|-0.19|0.37
1462027271907|-0.27|-0.23|0.36
1462027271927|-0.21|-0.28|0.28
1462027271949|-0.21|-0.28|0.18
1462027271970|-0.20|-0.30|0.06
1462027271993|-0.16|-0.28|-0.02
1462027272014|-0.10|-0.28|-0.02
1462027272035|-0.03|-0.23|0.01
1462027272057|0.11|-0.16|-0.03
1462027272076|0.23|-0.07|-0.07
1462027272097|0.27|-0.04|-0.04
1462027272119|0.25|-0.05|0.02
1462027272139|0.23|-0.05|0.01
1462027272162|0.19|-0.03|-0.02
1462027272184|0.12|-0.06|-0.02
1462027272206|0.04|-0.11|0.00
1462027272229|-0.02|-0.15|0.03
1462027272248|-0.08|-0.18|0.06
1462027272268|-0.10|-0.18|0.07
1462027272290|-0.07|-0.18|0.07
1462027272315|-0.07|-0.17|0.06
1462027272340|-0.06|-0.15|0.02
1462027272356|-0.01|-0.11|-0.00
1462027272377|0.06|-0.09|0.01
1462027272395|0.11|-0.08|0.04
1462027272418|0.10|-0.07|0.05
1462027272442|0.10|-0.07|0.07
1462027272460|0.10|-0.08|0.08
1462027272483|0.11|-0.08|0.10
1462027272505|0.10|-0.09|0.14
1462027272527|0.07|-0.14|0.20
1462027272547|0.03|-0.16|0.26
1462027272568|0.01|-0.16|0.18
1462027272589|-0.02|-0.12|0.08
1462027272612|-0.01|-0.11|0.06
1462027272633|-0.01|-0.10|0.11
1462027272652|-0.01|-0.10|0.15
1462027272675|-0.03|-0.08|0.14
1462027272696|-0.03|-0.05|0.16
1462027272716|-0.03|-0.05|0.22
1462027272738|-0.05|-0.07|0.30
1462027272759|-0.08|-0.10|0.35
1462027272780|-0.12|-0.11|0.34
1462027272803|-0.13|-0.11|0.28
1462027272826|-0.14|-0.12|0.24
1462027272845|-0.14|-0.13|0.23
1462027272867|-0.12|-0.11|0.20
1462027272888|-0.08|-0.08|0.18
1462027272908|-0.02|-0.05|0.20
1462027272929|0.05|-0.02|0.27
1462027272950|0.09|0.01|0.29
1462027272971|0.13|0.06|0.24
1462027272996|0.17|0.12|0.20
1462027273017|0.20|0.16|0.19
1462027273036|0.17|0.17|0.16
1462027273056|0.09|0.17|0.07
1462027273079|0.05|0.21|-0.00
1462027273098|0.05|0.22|-0.02
1462027273120|0.02|0.22|0.00
1462027273143|-0.04|0.21|-0.02
1462027273162|-0.07|0.19|-0.08
1462027273184|-0.10|0.16|-0.14
1462027273207|-0.12|0.14|-0.16
1462027273227|-0.11|0.11|-0.16
1462027273248|-0.10|0.11|-0.19
1462027273269|-0.09|0.12|-0.22
1462027273290|-0.06|0.15|-0.24
1462027273313|-0.01|0.18|-0.22
1462027273334|0.02|0.18|-0.18
1462027273355|0.04|0.19|-0.16
1462027273379|0.06|0.22|-0.12
1462027273399|0.06|0.22|-0.07
1462027273419|0.04|0.23|-0.03
1462027273440|0.03|0.23|0.03
1462027273465|0.05|0.22|0.11
1462027273484|0.08|0.23|0.14
1462027273504|0.10|0.26|0.06
1462027273526|0.13|0.27|-0.02
1462027273547|0.12|0.27|-0.07
1462027273568|0.10|0.23|-0.12
1462027273590|0.07|0.19|-0.18
1462027273617|0.05|0.16|-0.20
1462027273632|0.01|0.11|-0.20
1462027273653|-0.05|0.08|-0.22
1462027273673|-0.08|0.06|-0.24
1462027273695|-0.08|0.04|-0.20
1462027273717|-0.07|0.02|-0.10
1462027273737|-0.10|0.01|-0.06
1462027273758|-0.09|0.00|-0.08
1462027273780|-0.09|0.03|-0.12
1462027273806|-0.08|0.05|-0.11
1462027273823|-0.06|0.04|-0.07
1462027273844|-0.03|0.02|-0.01
1462027273866|0.01|0.00|0.01
1462027273886|-0.01|-0.01|-0.02
1462027273907|-0.03|-0.04|-0.09
1462027273927|-0.05|-0.05|-0.14
1462027273949|-0.06|-0.08|-0.10
1462027273973|-0.10|-0.13|0.01
1462027273994|-0.12|-0.16|0.09
1462027274014|-0.09|-0.15|0.11
1462027274035|-0.04|-0.11|0.10
1462027274055|0.02|-0.07|0.11
1462027274076|0.07|-0.05|0.10
1462027274100|0.09|-0.05|0.11
1462027274119|0.12|-0.04|0.12
1462027274148|0.15|-0.03|0.09
1462027274162|0.18|-0.01|0.04
1462027274182|0.17|-0.00|0.02
1462027274205|0.12|-0.03|0.05
1462027274232|0.07|-0.05|0.10
1462027274247|0.03|-0.08|0.10
1462027274268|-0.02|-0.10|0.10
1462027274292|-0.06|-0.12|0.13
1462027274312|-0.08|-0.13|0.16
1462027274334|-0.06|-0.12|0.11
1462027274357|-0.06|-0.09|0.06
1462027274376|-0.05|-0.06|0.05
1462027274397|-0.03|-0.03|0.09
1462027274418|-0.03|0.01|0.09
1462027274439|-0.02|0.04|0.09
1462027274460|-0.01|0.05|0.11
1462027274481|0.00|0.05|0.15
1462027274502|-0.02|0.06|0.13
1462027274524|-0.02|0.07|0.08
1462027274546|0.01|0.05|0.16
1462027274565|0.01|0.01|0.24
1462027274589|-0.02|0.00|0.23
1462027274609|-0.01|0.01|0.13
1462027274628|0.02|0.02|0.06
1462027274649|0.00|0.01|0.02
1462027274670|0.00|0.00|0.01
1462027274693|-0.01|-0.01|0.00
1462027274715|-0.05|-0.03|-0.00
1462027274736|-0.07|-0.02|-0.03
1462027274757|-0.04|0.01|-0.04
1462027274777|-0.03|0.01|-0.04
1462027274797|-0.04|0.00|-0.03
1462027274818|-0.02|-0.00|-0.04
1462027274842|-0.00|0.02|-0.05
1462027274862|0.01|0.05|-0.06
1462027274883|-0.00|0.06|-0.06
1462027274906|0.01|0.06|-0.05
1462027274928|-0.01|0.06|-0.02
1462027274948|-0.06|0.05|0.01
1462027274971|-0.09|0.03|0.01
1462027274992|-0.09|0.02|0.04
1462027275013|-0.09|-0.00|0.09
1462027275034|-0.09|-0.01|0.10
1462027275056|-0.07|0.00|0.06
1462027275077|-0.03|0.03|0.04
1462027275099|-0.01|0.04|0.04
1462027275120|0.02|0.06|0.02
1462027275140|0.03|0.07|0.03
1462027275163|0.03|0.06|0.05
1462027275184|0.02|0.04|0.04
1462027275208|0.02|0.03|-0.02
1462027275227|-0.01|0.02|-0.07
1462027275248|-0.04|0.01|-0.10
1462027275268|-0.05|-0.01|-0.09
1462027275289|-0.06|-0.05|-0.00
1462027275316|-0.09|-0.08|0.09
1462027275318|-0.12|-0.10|0.15
1462027275332|-0.11|-0.09|0.16
1462027275354|-0.07|-0.04|0.11
1462027275375|-0.01|-0.00|0.07
1462027275396|0.05|0.03|0.05
1462027275417|0.09|0.04|0.04
1462027275438|0.10|0.03|0.04
1462027275459|0.11|0.02|0.02
1462027275481|0.11|0.00|-0.01
1462027275505|0.09|-0.01|0.00
1462027275524|0.07|-0.03|0.02
1462027275547|0.05|-0.03|0.02
1462027275567|0.03|-0.02|0.01
1462027275586|0.01|-0.01|-0.03
1462027275610|-0.03|0.01|-0.08
1462027275631|-0.08|0.03|-0.09
1462027275653|-0.13|0.02|-0.05
1462027275674|-0.15|0.01|0.03
1462027275696|-0.10|0.00|0.09
1462027275715|-0.08|0.02|0.20
1462027275737|-0.01|-0.04|0.27
1462027275758|0.05|-0.04|0.28
1462027275781|0.12|-0.04|0.19
1462027275800|0.18|-0.01|0.08
1462027275822|0.23|0.01|-0.02
1462027275842|0.25|0.04|-0.07
1462027275864|0.23|0.05|-0.08
1462027275887|0.22|0.05|-0.06
1462027275907|0.19|0.06|-0.07
1462027275927|0.15|0.08|-0.09
1462027275948|0.07|0.06|-0.06
1462027275970|-0.02|-0.00|0.02
1462027275993|-0.10|-0.04|0.06
1462027276012|-0.14|-0.03|0.01
1462027276032|-0.14|-0.00|-0.03
1462027276055|-0.15|-0.00|0.00
1462027276077|-0.16|-0.02|0.07
1462027276096|-0.16|-0.02|0.09
1462027276121|-0.15|0.01|0.07
1462027276140|-0.14|0.03|0.04
1462027276159|-0.11|0.05|0.01
1462027276186|-0.12|0.02|0.01
1462027276188|-0.13|0.00|0.01
1462027276206|-0.15|-0.03|0.03
1462027276229|-0.16|-0.03|0.03
1462027276248|-0.13|0.01|0.05
1462027276269|-0.06|0.03|0.14
1462027276290|-0.03|0.03|0.36
1462027276310|-0.01|0.01|0.61
1462027276332|0.10|-0.02|0.77
1462027276353|0.12|-0.09|0.73
1462027276378|0.14|-0.14|0.69
1462027276397|0.33|-0.13|0.50
1462027276419|0.33|-0.13|0.00
1462027276444|0.17|-0.10|-0.54
1462027276463|-0.03|-0.06|-0.86
1462027276484|-0.17|-0.01|-0.98
1462027276505|-0.22|0.12|-0.99
1462027276528|-0.15|0.30|-0.81
1462027276547|-0.12|0.46|-0.56
1462027276569|-0.11|0.60|-0.23
1462027276590|0.02|0.63|0.15
1462027276611|0.07|0.79|0.39
1462027276634|0.21|0.83|0.45
1462027276655|0.31|0.86|0.23
1462027276676|0.28|0.87|0.02
1462027276696|0.27|0.91|-0.19
1462027276717|0.32|0.81|-0.31
1462027276738|0.39|0.62|-0.44
1462027276760|0.38|0.48|-0.55
1462027276780|0.26|0.46|-0.69
1462027276801|0.13|0.52|-0.76
1462027276824|0.05|0.53|-0.74
1462027276848|-0.14|0.58|-0.41
1462027276866|-0.23|0.53|-0.12
1462027276888|-0.23|0.56|0.13
1462027276910|-0.16|0.69|0.16
1462027276930|-0.10|0.81|0.10
1462027276952|-0.07|0.82|-0.08
1462027276980|-0.06|0.78|-0.20
1462027276981|-0.05|0.76|-0.29
1462027276993|-0.03|0.68|-0.34
1462027277016|-0.00|0.60|-0.40
1462027277037|0.01|0.52|-0.52
1462027277059|0.05|0.47|-0.63
1462027277080|0.09|0.40|-0.62
1462027277100|0.13|0.31|-0.64
1462027277122|0.09|0.22|-0.62
1462027277144|0.03|0.18|-0.53
1462027277167|0.01|0.16|-0.51
1462027277185|0.10|0.11|-0.46
1462027277210|0.17|-0.03|-0.32
1462027277229|0.18|-0.42|-0.06
1462027277248|0.13|-0.77|0.16
1462027277270|0.11|-1.00|0.38
1462027277292|0.11|-1.17|0.65
1462027277314|0.07|-1.33|0.82
1462027277334|-0.04|-1.45|0.98
1462027277357|-0.11|-1.55|1.04
1462027277382|-0.10|-1.53|0.94
1462027277401|-0.09|-1.44|0.76
1462027277421|-0.12|-1.37|0.67
1462027277442|-0.16|-1.26|0.58
1462027277468|-0.16|-1.16|0.48
1462027277485|-0.13|-1.04|0.41
1462027277506|-0.09|-0.92|0.34
1462027277528|-0.05|-0.81|0.29
1462027277550|-0.02|-0.71|0.24
1462027277571|-0.00|-0.61|0.17
1462027277592|0.03|-0.51|0.14
1462027277620|0.10|-0.44|0.15
1462027277635|0.11|-0.42|0.20
1462027277656|0.04|-0.40|0.24
1462027277678|0.00|-0.38|0.20
1462027277698|0.01|-0.33|0.21
1462027277719|0.01|-0.24|0.17
1462027277740|-0.01|-0.18|0.12
1462027277761|-0.04|-0.14|0.07
1462027277783|-0.07|-0.11|0.06
1462027277806|-0.07|-0.08|0.06
1462027277825|-0.08|-0.03|0.04
1462027277847|-0.09|0.01|0.01
1462027277868|-0.09|0.03|0.03
1462027277888|-0.08|0.04|0.05
1462027277910|-0.07|0.06|0.05
1462027277934|-0.03|0.07|0.01
1462027277953|-0.04|0.09|0.00
1462027277975|-0.06|0.10|-0.01
1462027277999|-0.08|0.09|-0.02
1462027278018|-0.07|0.07|0.02
1462027278039|-0.06|0.05|0.10
1462027278059|-0.06|0.04|0.16
1462027278080|-0.04|0.05|0.17
1462027278103|-0.01|0.09|0.09
1462027278124|0.01|0.14|-0.01
1462027278145|0.01|0.19|-0.04
1462027278167|0.06|0.21|-0.02
1462027278190|0.05|0.21|-0.04
1462027278209|0.07|0.24|-0.11
1462027278232|0.08|0.28|-0.22
1462027278254|0.10|0.33|-0.30
1462027278276|0.10|0.34|-0.33
1462027278296|0.07|0.29|-0.33
1462027278318|-0.01|0.20|-0.32
1462027278338|-0.12|0.11|-0.29
1462027278359|-0.19|0.00|-0.20
1462027278382|-0.21|-0.10|-0.11
1462027278405|-0.24|-0.19|-0.03
1462027278425|-0.27|-0.29|0.06
1462027278445|-0.31|-0.40|0.14
1462027278465|-0.31|-0.47|0.22
1462027278487|-0.27|-0.50|0.29
1462027278510|-0.21|-0.44|0.30
1462027278529|-0.14|-0.36|0.24
1462027278550|-0.07|-0.27|0.18
1462027278578|-0.00|-0.20|0.21
1462027278582|0.05|-0.15|0.24
1462027278596|0.13|-0.10|0.29
1462027278613|0.20|-0.05|0.30
1462027278634|0.24|0.00|0.24
1462027278659|0.25|0.03|0.18
1462027278677|0.24|0.04|0.13
1462027278699|0.23|0.03|0.11
1462027278720|0.20|0.01|0.10
1462027278742|0.13|-0.04|0.11
1462027278764|0.06|-0.08|0.10
1462027278783|0.00|-0.10|0.05
1462027278805|-0.03|-0.10|-0.02
1462027278827|-0.02|-0.08|-0.07
1462027278846|-0.02|-0.06|-0.06
1462027278867|-0.05|-0.06|-0.04
1462027278888|-0.10|-0.06|-0.03
1462027278909|-0.09|-0.04|-0.04
1462027278931|-0.05|0.01|-0.03
1462027278956|-0.01|0.04|0.03
1462027278975|0.00|0.03|0.06
1462027278996|-0.04|0.02|0.07
1462027279017|-0.03|-0.02|0.09
1462027279037|-0.01|-0.04|0.16
1462027279058|-0.01|-0.07|0.21
1462027279080|-0.01|-0.08|0.21
1462027279100|0.00|-0.07|0.19
1462027279122|0.06|-0.06|0.22
1462027279145|0.09|-0.05|0.26
1462027279164|0.10|-0.06|0.26
1462027279187|0.09|-0.05|0.18
1462027279208|0.10|-0.01|0.10
1462027279232|0.16|0.01|0.04
1462027279253|0.21|0.05|-0.00
1462027279270|0.24|0.06|-0.02
1462027279291|0.24|0.04|-0.01
1462027279312|0.26|0.04|-0.01
1462027279335|0.33|0.08|0.02
1462027279353|0.41|0.11|0.08
1462027279376|0.45|0.15|0.12
1462027279399|0.47|0.18|0.13
1462027279418|0.48|0.21|0.14
1462027279439|0.43|0.22|0.12
1462027279461|0.32|0.21|0.09
1462027279483|0.21|0.19|0.04
1462027279505|0.10|0.17|-0.04
1462027279529|-0.03|0.15|-0.13
1462027279550|-0.18|0.12|-0.20
1462027279570|-0.33|0.08|-0.22
1462027279595|-0.46|0.03|-0.20
1462027279616|-0.56|-0.02|-0.16
1462027279635|-0.64|-0.04|-0.13
1462027279653|-0.68|-0.05|-0.12
1462027279674|-0.69|-0.07|-0.10
1462027279696|-0.68|-0.09|-0.02
1462027279719|-0.63|-0.08|0.06
1462027279739|-0.55|-0.06|0.07
1462027279760|-0.47|0.01|0.04
1462027279781|-0.36|0.07|-0.04
1462027279805|-0.25|0.13|-0.08
1462027279827|-0.16|0.15|-0.04
1462027279846|-0.13|0.14|0.05
1462027279868|-0.13|0.14|0.08
1462027279888|-0.08|0.15|0.12
1462027279913|0.00|0.13|0.15
1462027279938|0.08|0.10|0.16
1462027279955|0.13|0.10|0.10
1462027279977|0.16|0.08|-0.02
1462027279997|0.18|0.07|-0.05
1462027280020|0.21|0.02|0.01
1462027280042|0.23|-0.03|0.08
1462027280064|0.25|-0.06|0.02
1462027280084|0.27|-0.06|-0.14
1462027280106|0.23|-0.06|-0.27
1462027280126|0.18|-0.08|-0.31
1462027280151|0.13|-0.10|-0.21
1462027280169|0.08|-0.11|-0.10
1462027280193|0.03|-0.07|-0.04
1462027280213|0.02|0.00|-0.01
1462027280236|0.01|0.08|0.04
1462027280256|-0.04|0.11|0.18
1462027280278|-0.05|0.09|0.38
1462027280301|-0.03|0.08|0.50
1462027280321|0.01|0.06|0.49
1462027280344|0.05|0.02|0.42
1462027280365|0.08|-0.00|0.35
1462027280386|0.11|-0.04|0.25
1462027280408|0.12|-0.06|0.13
1462027280430|0.12|-0.09|-0.01
1462027280448|0.11|-0.12|-0.12
1462027280471|0.10|-0.10|-0.19
1462027280496|0.12|-0.07|-0.20
1462027280515|0.11|-0.05|-0.14
1462027280535|0.06|-0.06|-0.04
1462027280558|0.04|-0.06|0.08
1462027280578|0.07|-0.02|0.14
1462027280600|0.12|0.03|0.16
1462027280622|0.15|0.06|0.13
1462027280643|0.13|0.07|0.09
1462027280665|0.11|0.09|0.04
1462027280687|0.11|0.09|0.02
1462027280708|0.07|0.07|0.03
1462027280729|0.04|0.06|0.02
1462027280749|0.03|0.06|-0.00
1462027280771|0.00|0.05|-0.02
1462027280794|-0.02|0.03|-0.01
1462027280813|-0.05|0.02|0.00
1462027280834|-0.09|0.00|0.01
1462027280856|-0.10|-0.00|0.04
1462027280878|-0.11|-0.01|0.05
1462027280898|-0.12|0.02|0.01
1462027280920|-0.12|0.04|-0.06
1462027280942|-0.15|0.04|-0.10
1462027280962|-0.17|0.04|-0.12
1462027280984|-0.19|0.03|-0.08
1462027281004|-0.19|0.00|-0.07
1462027281025|-0.18|0.00|-0.05
1462027281049|-0.17|0.00|-0.04
1462027281068|-0.15|0.01|-0.02
1462027281088|-0.10|-0.01|0.06
1462027281111|-0.06|-0.02|0.13
1462027281132|-0.03|-0.01|0.13
1462027281154|-0.02|0.03|0.05
1462027281180|-0.01|0.08|-0.04
1462027281198|0.02|0.10|-0.03
1462027281217|-0.00|0.08|0.04
1462027281239|-0.04|0.05|0.07
1462027281262|-0.06|0.03|0.09
1462027281281|-0.05|0.03|0.09
1462027281304|-0.05|0.01|0.16
1462027281325|-0.06|-0.04|0.23
1462027281348|-0.02|-0.07|0.26
1462027281367|0.03|-0.06|0.13
1462027281391|0.07|-0.03|-0.06
1462027281413|0.10|-0.01|-0.20
1462027281434|0.09|-0.01|-0.22
1462027281455|0.05|0.00|-0.20
1462027281477|0.01|0.02|-0.15
1462027281501|-0.03|0.03|-0.01
1462027281518|-0.04|0.03|0.24
1462027281538|-0.07|0.02|0.42
1462027281560|-0.09|-0.00|0.42
1462027281583|-0.08|-0.02|0.33
1462027281604|-0.03|-0.06|0.31
1462027281623|-0.01|-0.13|0.30
1462027281646|-0.05|-0.14|0.18
1462027281667|-0.06|-0.13|-0.00
1462027281688|-0.02|-0.08|-0.15
1462027281710|0.03|-0.00|-0.27
1462027281734|0.07|0.09|-0.37
1462027281753|0.11|0.19|-0.42
1462027281774|0.18|0.23|-0.40
1462027281795|0.20|0.23|-0.28
1462027281819|0.19|0.21|-0.14
1462027281840|0.17|0.17|-0.04
1462027281858|0.12|0.15|0.02
1462027281882|0.10|0.07|0.10
1462027281907|0.06|-0.02|0.20
1462027281926|0.02|-0.07|0.23
1462027281947|0.02|-0.09|0.13
1462027281970|0.02|-0.11|0.05
1462027281989|0.01|-0.14|0.02
1462027282015|0.01|-0.15|0.04
1462027282038|0.03|-0.14|0.07
1462027282056|0.06|-0.14|0.12
1462027282076|0.06|-0.15|0.15
1462027282099|0.07|-0.13|0.17
1462027282119|0.09|-0.11|0.19
1462027282144|0.12|-0.09|0.19
1462027282163|0.11|-0.06|0.15
1462027282185|0.09|-0.05|0.11
1462027282206|0.08|-0.04|0.08
1462027282230|0.09|-0.04|0.05
1462027282250|0.06|-0.05|0.01
1462027282270|0.02|-0.07|0.01
1462027282290|-0.02|-0.09|0.01
1462027282310|-0.05|-0.09|0.01
1462027282337|-0.04|-0.08|0.03
1462027282355|-0.03|-0.07|0.03
1462027282376|-0.03|-0.05|0.02
1462027282398|-0.01|-0.01|-0.00
1462027282419|0.03|0.04|-0.02
1462027282442|0.06|0.08|-0.05
1462027282460|0.11|0.12|-0.08
1462027282481|0.11|0.13|-0.07
1462027282502|0.07|0.12|-0.02
1462027282525|0.02|0.10|-0.03
1462027282546|-0.03|0.10|-0.03
1462027282567|-0.04|0.07|0.04
1462027282589|-0.09|0.01|0.17
1462027282609|-0.12|-0.04|0.25
1462027282630|-0.11|-0.06|0.24
1462027282652|-0.08|-0.04|0.15
1462027282674|-0.04|-0.01|0.06
1462027282694|-0.01|0.01|0.01
1462027282715|-0.00|0.03|0.01
1462027282737|-0.00|0.04|0.02
1462027282760|-0.00|0.06|-0.01
1462027282781|-0.01|0.08|-0.05
1462027282805|-0.02|0.06|-0.01
1462027282827|-0.05|0.02|0.03
1462027282846|-0.08|-0.02|0.04
1462027282864|-0.08|-0.02|0.05
1462027282886|-0.08|-0.04|0.03
1462027282912|-0.06|-0.02|-0.01
1462027282929|-0.02|-0.00|-0.04
1462027282950|0.02|0.02|-0.03
1462027282972|0.05|0.05|-0.01
1462027282996|0.08|0.06|-0.02
1462027283016|0.06|0.05|-0.01
1462027283036|0.01|0.03|0.03
1462027283058|-0.04|0.01|0.05
1462027283079|-0.07|-0.01|0.05
1462027283099|-0.08|-0.04|0.06
1462027283122|-0.11|-0.05|0.08
1462027283144|-0.12|-0.04|0.08
1462027283164|-0.12|-0.02|0.07
1462027283185|-0.08|0.03|0.03
1462027283206|-0.03|0.05|0.01
1462027283229|0.02|0.09|-0.02
1462027283249|0.06|0.10|-0.07
1462027283270|0.10|0.09|-0.17
1462027283295|0.16|0.04|-0.30
1462027283315|0.23|-0.01|-0.52
1462027283337|0.16|0.01|-0.79
1462027283358|-0.04|0.12|-0.96
1462027283379|-0.27|0.18|-0.70
1462027283400|-0.37|0.08|-0.21
1462027283420|-0.47|-0.10|0.33
1462027283442|-0.45|-0.23|0.75
1462027283463|-0.32|-0.28|0.95
1462027283484|-0.11|-0.24|0.90
1462027283505|0.07|-0.21|0.75
1462027283527|0.19|-0.25|0.63
1462027283547|0.24|-0.32|0.61
1462027283569|0.21|-0.43|0.56
1462027283588|0.15|-0.46|0.45
1462027283609|0.13|-0.38|0.24
1462027283630|0.14|-0.27|0.04
1462027283651|0.13|-0.16|-0.06
1462027283674|0.09|-0.07|-0.10
1462027283695|0.05|-0.02|-0.12
1462027283715|0.04|0.04|-0.14
1462027283736|0.04|0.07|-0.15
1462027283758|-0.01|0.10|-0.15
1462027283777|-0.07|0.14|-0.17
1462027283799|-0.11|0.15|-0.21
1462027283821|-0.15|0.12|-0.14
1462027283845|-0.17|0.07|-0.02
1462027283866|-0.16|0.02|0.10
1462027283886|-0.08|0.04|0.15
1462027283905|0.06|0.09|0.15
1462027283927|0.15|0.13|0.12
1462027283949|0.18|0.15|0.06
1462027283969|0.13|0.13|-0.08
1462027283990|-0.00|0.13|-0.27
1462027284011|-0.09|0.18|-0.44
1462027284033|-0.13|0.20|-0.48
1462027284054|-0.20|0.15|-0.37
1462027284077|-0.27|0.04|-0.16
1462027284098|-0.30|-0.06|0.04
1462027284118|-0.24|-0.14|0.21
1462027284141|-0.12|-0.18|0.34
1462027284163|-0.05|-0.20|0.44
1462027284190|0.01|-0.20|0.43
1462027284193|0.06|-0.20|0.42
1462027284207|0.14|-0.19|0.39
1462027284228|0.21|-0.18|0.33
1462027284249|0.29|-0.13|0.21
1462027284273|0.36|-0.09|0.11
1462027284291|0.39|-0.05|0.04
1462027284312|0.38|-0.03|0.00
1462027284334|0.36|0.01|-0.03
1462027284358|0.35|0.05|-0.08
1462027284376|0.32|0.08|-0.13
1462027284398|0.23|0.10|-0.17
1462027284418|0.11|0.08|-0.19
1462027284440|-0.03|0.06|-0.17
1462027284462|-0.12|0.04|-0.13
1462027284482|-0.18|0.03|-0.05
1462027284504|-0.18|0.03|0.04
1462027284526|-0.18|0.03|0.11
1462027284546|-0.20|0.05|0.17
1462027284568|-0.17|0.05|0.18
1462027284589|-0.16|0.10|0.16
1462027284610|-0.14|0.11|0.10
1462027284632|-0.14|0.10|0.03
1462027284659|-0.16|0.05|0.03
1462027284673|-0.18|-0.00|0.07
1462027284695|-0.20|-0.03|0.01
1462027284717|-0.17|-0.01|-0.13
1462027284737|-0.11|0.01|-0.22
1462027284761|-0.08|0.01|-0.22
1462027284781|-0.05|-0.01|-0.18
1462027284800|-0.04|-0.01|-0.10
1462027284822|-0.04|-0.03|-0.03
1462027284844|-0.06|-0.04|0.09
1462027284864|-0.07|-0.04|0.22
1462027284886|-0.06|-0.02|0.30
1462027284908|-0.05|0.00|0.34
1462027284927|-0.02|0.02|0.37
1462027284949|0.03|0.05|0.38
1462027284971|0.11|0.07|0.34
1462027284993|0.15|0.11|0.22
1462027285013|0.17|0.13|0.14
1462027285034|0.22|0.09|0.17
1462027285055|0.22|0.03|0.25
1462027285081|0.17|-0.03|0.24
1462027285101|0.13|-0.04|0.15
1462027285120|0.12|-0.00|0.05
1462027285143|0.07|0.00|-0.05
1462027285163|-0.04|0.02|-0.14
1462027285183|-0.07|0.03|-0.22
1462027285204|-0.04|0.05|-0.26
1462027285226|-0.00|0.09|-0.26
1462027285248|0.02|0.12|-0.25
1462027285269|0.03|0.12|-0.22
1462027285291|0.02|0.09|-0.15
1462027285312|0.01|0.05|-0.05
1462027285335|0.00|-0.01|0.09
1462027285355|0.01|-0.06|0.18
1462027285375|0.04|-0.07|0.16
1462027285397|0.10|-0.05|0.06
1462027285420|0.15|-0.01|-0.02
1462027285439|0.17|-0.01|-0.05
1462027285460|0.19|-0.02|-0.09
1462027285483|0.21|0.00|-0.15
1462027285503|0.24|0.02|-0.18
1462027285523|0.24|0.04|-0.16
1462027285545|0.21|0.05|-0.11
1462027285568|0.15|0.05|-0.10
1462027285588|0.09|0.07|-0.07
1462027285607|0.06|0.06|0.02
1462027285629|0.01|0.04|0.12
1462027285651|-0.05|0.02|0.15
1462027285672|-0.11|-0.00|0.14
1462027285692|-0.14|-0.01|0.13
1462027285714|-0.16|-0.03|0.15
1462027285736|-0.19|-0.06|0.15
1462027285756|-0.21|-0.08|0.13
1462027285777|-0.21|-0.10|0.11
1462027285800|-0.21|-0.10|0.10
1462027285820|-0.21|-0.08|0.07
1462027285841|-0.19|-0.05|0.04
1462027285864|-0.17|-0.04|0.02
1462027285885|-0.14|-0.03|0.02
1462027285908|-0.11|-0.01|0.04
1462027285926|-0.06|0.01|0.04
1462027285947|-0.04|0.03|0.03
1462027285970|-0.04|0.03|0.04
1462027285989|-0.02|0.03|0.02
1462027286012|-0.01|0.03|-0.01
1462027286032|0.00|0.04|-0.02
1462027286054|-0.01|0.04|0.01
1462027286075|-0.05|0.03|0.04
1462027286098|-0.05|0.01|0.06
1462027286123|-0.03|0.01|0.03
1462027286140|0.01|0.01|-0.03
1462027286160|0.06|0.03|-0.04
1462027286180|0.06|0.02|-0.02
1462027286201|0.02|0.01|-0.02
1462027286227|-0.01|-0.00|-0.02
1462027286245|-0.02|-0.01|0.00
1462027286265|-0.04|-0.00|0.02
1462027286287|-0.05|0.02|0.02
1462027286308|-0.04|0.03|0.02
1462027286329|-0.04|0.02|0.04
1462027286351|-0.08|0.02|0.03
1462027286375|-0.11|0.03|0.01
1462027286393|-0.09|0.04|0.01
1462027286414|-0.05|0.04|0.04
1462027286437|-0.05|0.03|0.08
1462027286459|-0.08|0.02|0.09
1462027286480|-0.11|0.02|0.08
1462027286502|-0.11|0.02|0.08
1462027286523|-0.11|0.02|0.09
1462027286545|-0.13|0.02|0.07
1462027286568|-0.10|0.01|0.10
1462027286586|-0.08|-0.01|0.15
1462027286608|-0.09|-0.00|0.13
1462027286630|-0.08|0.01|0.10
1462027286650|-0.03|0.03|0.07
1462027286675|0.01|0.01|0.06
1462027286696|0.03|0.00|0.08
1462027286714|0.05|-0.00|0.09
1462027286735|0.07|0.02|0.05
1462027286757|0.09|0.03|-0.01
1462027286778|0.09|0.04|-0.03
1462027286798|0.07|0.01|-0.00
1462027286820|0.05|-0.01|0.00
1462027286842|0.01|-0.03|0.00
1462027286864|-0.00|-0.06|0.01
1462027286884|-0.01|-0.05|0.01
1462027286905|0.01|-0.03|-0.01
1462027286928|0.02|-0.01|-0.05
1462027286947|0.06|-0.00|-0.07
1462027286967|0.08|0.02|-0.02
1462027286990|0.09|0.02|0.05
1462027287015|0.09|0.02|0.06
1462027287032|0.09|0.03|0.04
1462027287053|0.09|0.03|0.03
1462027287078|0.11|0.03|0.04
1462027287098|0.11|0.02|0.04
1462027287117|0.10|0.01|0.02
1462027287142|0.04|0.00|-0.02
1462027287165|0.00|0.01|-0.08
1462027287182|-0.01|0.01|-0.09
1462027287205|-0.02|-0.02|0.02
1462027287231|-0.05|-0.04|0.12
1462027287249|-0.07|-0.05|0.12
1462027287270|-0.05|-0.02|0.09
1462027287289|-0.02|0.01|0.05
1462027287311|-0.01|0.02|0.03
1462027287334|-0.00|0.02|0.03
1462027287355|0.01|0.00|0.07
1462027287374|-0.01|-0.00|0.08
1462027287399|-0.03|0.01|0.04
1462027287419|-0.03|0.03|-0.00
1462027287438|-0.04|0.02|-0.02
1462027287462|-0.06|-0.01|-0.00
1462027287482|-0.11|-0.03|0.03
1462027287503|-0.10|-0.03|0.04
1462027287523|-0.08|-0.02|0.04
1462027287545|-0.05|-0.00|0.02
1462027287568|-0.04|0.01|0.00
1462027287587|-0.02|0.01|-0.01
1462027287608|-0.01|0.02|-0.01
1462027287631|-0.02|0.02|0.01
1462027287654|-0.04|0.01|0.06
1462027287673|-0.06|0.01|0.10
1462027287694|-0.08|0.02|0.10
1462027287716|-0.09|0.04|0.07
1462027287736|-0.11|0.06|0.05
1462027287757|-0.13|0.05|0.06
1462027287779|-0.15|0.04|0.06
1462027287801|-0.14|0.02|0.06
1462027287824|-0.14|-0.00|0.05
1462027287843|-0.15|-0.02|0.04
1462027287864|-0.14|-0.04|0.01
1462027287886|-0.09|-0.05|-0.01
1462027287906|-0.05|-0.04|-0.01
1462027287927|-0.02|-0.00|-0.03
1462027287949|0.05|0.03|-0.00
1462027287973|0.12|0.03|0.04
1462027287991|0.14|0.02|0.09
1462027288016|0.14|0.00|0.11
1462027288039|0.16|0.02|0.11
1462027288056|0.18|0.02|0.09
1462027288078|0.21|0.02|0.09
1462027288099|0.24|0.02|0.10
1462027288120|0.25|0.01|0.09
1462027288140|0.24|-0.02|0.05
1462027288162|0.23|-0.03|-0.01
1462027288182|0.22|-0.04|-0.04
1462027288204|0.21|-0.05|-0.02
1462027288226|0.19|-0.05|-0.01
1462027288248|0.18|-0.04|-0.01
1462027288270|0.19|-0.01|0.00
1462027288290|0.20|0.02|0.05
1462027288310|0.20|0.05|0.09
1462027288335|0.20|0.06|0.09
1462027288360|0.18|0.07|0.08
1462027288365|0.17|0.07|0.07
1462027288377|0.14|0.06|0.05
1462027288399|0.09|0.04|0.01
1462027288420|0.04|0.03|-0.07
1462027288441|-0.03|0.02|-0.15
1462027288463|-0.13|-0.01|-0.18
1462027288483|-0.25|-0.04|-0.15
1462027288505|-0.34|-0.07|-0.10
1462027288527|-0.39|-0.07|-0.02
1462027288548|-0.37|-0.06|0.11
1462027288570|-0.31|-0.06|0.22
1462027288591|-0.26|-0.06|0.28
1462027288613|-0.17|-0.05|0.31
1462027288633|-0.06|-0.05|0.31
1462027288656|0.02|-0.05|0.22
1462027288677|0.05|-0.02|0.07
1462027288697|0.13|0.03|-0.10
1462027288720|0.21|0.06|-0.19
1462027288742|0.21|0.06|-0.19
1462027288762|0.20|0.04|-0.16
1462027288784|0.18|0.05|-0.11
1462027288805|0.17|0.05|-0.06
1462027288826|0.14|0.05|0.01
1462027288849|0.08|0.06|0.09
1462027288870|0.01|0.06|0.12
1462027288893|-0.04|0.06|0.12
1462027288912|-0.09|0.07|0.13
1462027288934|-0.15|0.05|0.14
1462027288955|-0.22|0.04|0.14
1462027288975|-0.24|0.02|0.09
1462027288998|-0.27|0.01|0.07
1462027289018|-0.28|-0.02|0.09
1462027289039|-0.24|-0.04|0.11
1462027289060|-0.20|-0.05|0.09
1462027289082|-0.16|-0.06|0.06
1462027289105|-0.11|-0.07|0.04
1462027289124|-0.04|-0.07|0.03
1462027289145|0.02|-0.06|-0.01
1462027289168|0.07|-0.05|-0.02
1462027289190|0.10|-0.05|-0.03
1462027289209|0.10|-0.04|-0.02
1462027289234|0.12|-0.02|-0.03
1462027289252|0.14|-0.00|-0.03
1462027289273|0.14|0.01|0.02
1462027289295|0.15|0.02|0.08
1462027289320|0.15|0.05|0.07
1462027289337|0.14|0.05|0.04
1462027289359|0.13|0.05|0.01
1462027289380|0.10|0.04|0.03
1462027289401|0.07|0.03|0.05
1462027289426|0.08|0.01|0.08
1462027289428|0.09|-0.01|0.09
1462027289444|0.09|-0.02|0.09
1462027289466|0.08|-0.03|0.03
1462027289487|0.07|-0.04|-0.02
1462027289512|0.08|-0.05|-0.00
1462027289533|0.09|-0.06|0.03
1462027289551|0.07|-0.08|0.04
1462027289573|0.08|-0.07|0.00
1462027289593|0.06|-0.06|-0.04
1462027289616|0.03|-0.03|-0.10
1462027289638|0.03|0.02|-0.12
1462027289659|0.04|0.05|-0.06
1462027289679|0.01|0.07|0.02
1462027289702|-0.05|0.09|0.06
1462027289720|-0.08|0.11|0.06
1462027289744|-0.10|0.12|0.07
1462027289764|-0.12|0.09|0.12
1462027289784|-0.16|0.03|0.16
1462027289805|-0.20|-0.03|0.16
1462027289829|-0.23|-0.07|0.10
1462027289846|-0.23|-0.12|0.04
1462027289869|-0.19|-0.13|0.01
1462027289893|-0.15|-0.14|0.01
1462027289910|-0.09|-0.12|0.02
1462027289932|-0.02|-0.09|0.01
1462027289953|0.02|-0.05|0.02
1462027289976|0.06|-0.04|0.06
1462027289995|0.09|-0.03|0.09
1462027290022|0.12|-0.02|0.10
1462027290023|0.14|-0.01|0.11
1462027290038|0.16|-0.01|0.08
1462027290060|0.15|-0.01|0.03
1462027290083|0.10|-0.02|0.01
1462027290104|0.11|-0.05|0.01
1462027290125|0.09|-0.06|0.01
1462027290148|0.05|-0.06|-0.02
1462027290168|0.02|-0.05|-0.05
1462027290191|-0.01|-0.03|-0.06
1462027290210|-0.05|0.00|-0.07
1462027290231|-0.08|0.02|-0.07
1462027290252|-0.09|-0.00|0.00
1462027290275|-0.15|-0.05|0.10
1462027290293|-0.23|-0.11|0.15
1462027290315|-0.24|-0.12|0.16
1462027290336|-0.19|-0.11|0.15
1462027290356|-0.14|-0.09|0.14
1462027290380|-0.09|-0.06|0.12
1462027290399|-0.03|-0.01|0.12
1462027290421|0.03|0.02|0.17
1462027290443|0.08|0.02|0.19
1462027290465|0.12|0.02|0.18
1462027290483|0.19|-0.01|0.15
1462027290507|0.22|-0.03|0.10
1462027290528|0.23|-0.07|0.06
1462027290547|0.22|-0.13|0.02
1462027290571|0.21|-0.15|-0.03
1462027290594|0.20|-0.14|-0.10
1462027290612|0.15|-0.12|-0.12
1462027290633|0.14|-0.11|-0.04
1462027290656|0.13|-0.09|0.09
1462027290675|0.12|-0.04|0.13
1462027290699|0.06|0.03|0.07
1462027290718|0.05|0.09|0.02
1462027290740|0.09|0.16|0.06
1462027290763|0.13|0.18|0.14
1462027290784|0.15|0.16|0.17
1462027290802|0.17|0.15|0.19
1462027290824|0.24|0.15|0.20
1462027290848|0.29|0.17|0.18
1462027290865|0.31|0.19|0.12
1462027290889|0.30|0.21|0.08
1462027290911|0.28|0.21|0.09
1462027290929|0.22|0.20|0.12
1462027290950|0.16|0.17|0.11
1462027290971|0.10|0.16|0.04
1462027290992|0.05|0.14|-0.04
1462027291019|0.01|0.11|-0.11
1462027291037|-0.06|0.07|-0.16
1462027291056|-0.12|0.02|-0.21
1462027291078|-0.13|0.02|-0.17
1462027291100|-0.23|-0.00|-0.22
1462027291119|-0.30|-0.02|-0.23
1462027291141|-0.29|0.00|-0.25
1462027291163|-0.27|0.02|-0.23
1462027291183|-0.26|0.03|-0.14
1462027291207|-0.25|0.01|-0.00
1462027291228|-0.22|0.01|0.10
1462027291249|-0.18|0.02|0.18
1462027291271|-0.13|0.03|0.23
1462027291293|-0.08|0.05|0.22
1462027291310|-0.03|0.04|0.17
1462027291334|0.03|0.02|0.11
1462027291356|0.07|0.02|0.04
1462027291378|0.11|0.03|-0.06
1462027291398|0.16|0.04|-0.13
1462027291419|0.22|0.05|-0.11
1462027291438|0.25|0.03|-0.04
1462027291462|0.26|0.04|0.00
1462027291486|0.29|0.07|0.01
1462027291505|0.32|0.11|0.04
1462027291532|0.32|0.12|0.05
1462027291550|0.28|0.14|0.08
1462027291568|0.27|0.15|0.09
1462027291590|0.25|0.17|0.08
1462027291612|0.19|0.17|0.08
1462027291634|0.12|0.16|0.10
1462027291655|0.07|0.13|0.13
1462027291676|0.03|0.08|0.14
1462027291697|-0.00|0.05|0.12
1462027291720|-0.02|0.03|0.09
1462027291740|-0.03|-0.00|0.04
1462027291763|-0.03|-0.02|-0.01
1462027291786|-0.02|-0.04|-0.02
1462027291807|0.00|-0.05|-0.00
1462027291826|0.02|-0.04|0.02
1462027291847|0.02|-0.01|0.01
1462027291869|0.03|0.03|-0.01
1462027291890|0.03|0.05|-0.03
1462027291912|0.01|0.08|-0.03
1462027291931|-0.02|0.09|-0.01
1462027291953|-0.05|0.08|0.04
1462027291974|-0.08|0.07|0.05
1462027291996|-0.12|0.08|0.00
1462027292015|-0.14|0.10|-0.02
1462027292037|-0.12|0.08|0.01
1462027292063|-0.12|0.07|0.07
1462027292078|-0.09|0.06|0.12
1462027292101|-0.05|0.05|0.10
1462027292122|-0.01|0.03|0.04
1462027292144|0.02|0.00|-0.00
1462027292164|0.05|-0.03|-0.04
1462027292186|0.04|-0.06|-0.07
1462027292206|0.00|-0.07|-0.13
1462027292228|-0.03|-0.07|-0.17
1462027292249|-0.05|-0.05|-0.16
1462027292270|-0.09|-0.05|-0.08
1462027292292|-0.12|-0.06|0.02
1462027292312|-0.13|-0.06|0.10
1462027292334|-0.12|-0.03|0.12
1462027292359|-0.09|0.01|0.13
1462027292379|-0.05|0.03|0.13
1462027292398|-0.03|0.04|0.14
1462027292422|-0.01|0.02|0.12
1462027292443|-0.01|0.01|0.05
1462027292464|-0.03|-0.01|-0.03
1462027292484|-0.04|-0.04|-0.07
1462027292506|-0.06|-0.08|-0.08
1462027292527|-0.07|-0.10|-0.06
1462027292549|-0.08|-0.12|-0.02
1462027292573|-0.11|-0.16|0.03
1462027292592|-0.14|-0.19|0.06
1462027292615|-0.14|-0.20|0.09
1462027292636|-0.12|-0.17|0.09
1462027292656|-0.06|-0.14|0.11
1462027292678|0.01|-0.11|0.17
1462027292700|0.06|-0.08|0.20
1462027292719|0.11|-0.04|0.19
1462027292741|0.15|0.01|0.10
1462027292764|0.19|0.05|-0.00
1462027292783|0.19|0.06|-0.06
1462027292808|0.16|0.04|-0.06
1462027292828|0.08|0.01|-0.06
1462027292846|-0.01|0.01|-0.09
1462027292868|-0.11|0.03|-0.09
1462027292889|-0.17|0.04|-0.05
1462027292910|-0.22|0.03|0.02
1462027292932|-0.26|0.02|0.09
1462027292955|-0.34|-0.00|0.16
1462027292975|-0.40|-0.02|0.17
1462027292998|-0.42|-0.02|0.13
1462027293018|-0.37|0.01|0.14
1462027293039|-0.33|0.01|0.19
1462027293062|-0.32|-0.03|0.20
1462027293085|-0.39|-0.12|0.17
1462027293105|-0.40|-0.18|0.18
1462027293127|-0.31|-0.15|0.20
1462027293149|-0.20|-0.02|0.20
1462027293168|-0.10|0.06|0.15
1462027293190|0.02|0.15|0.11
1462027293211|0.19|0.25|0.07
1462027293232|0.37|0.32|0.02
1462027293255|0.51|0.34|-0.08
1462027293274|0.55|0.27|-0.18
1462027293295|0.51|0.16|-0.21
1462027293318|0.45|0.02|-0.20
1462027293339|0.38|-0.09|-0.17
1462027293359|0.29|-0.19|-0.13
1462027293382|0.16|-0.26|-0.10
1462027293404|0.04|-0.28|-0.06
1462027293426|-0.04|-0.27|-0.01
1462027293446|-0.08|-0.22|0.03
1462027293469|-0.11|-0.17|0.06
1462027293489|-0.15|-0.12|0.09
1462027293510|-0.16|-0.08|0.11
1462027293533|-0.15|-0.00|0.07
1462027293552|-0.11|0.05|0.04
1462027293575|-0.08|0.08|0.04
1462027293595|-0.05|0.07|0.07
1462027293618|-0.02|0.06|0.06
1462027293640|-0.00|0.05|0.03
1462027293659|0.00|0.04|0.02
1462027293681|-0.00|0.02|0.03
1462027293705|0.03|0.04|0.08
1462027293725|0.08|0.08|0.09
1462027293745|0.08|0.13|0.07
1462027293768|0.07|0.16|0.05
1462027293789|0.07|0.18|0.05
1462027293811|0.05|0.17|0.05
1462027293832|-0.01|0.15|0.04
1462027293854|-0.08|0.10|-0.00
1462027293874|-0.15|0.05|-0.06
1462027293896|-0.19|-0.01|-0.07
1462027293918|-0.23|-0.07|-0.04
1462027293940|-0.28|-0.13|0.01
1462027293962|-0.31|-0.16|0.02
1462027293983|-0.29|-0.14|0.03
1462027294004|-0.21|-0.11|0.08
1462027294025|-0.16|-0.08|0.14
1462027294048|-0.09|-0.05|0.18
1462027294066|-0.04|-0.01|0.18
1462027294089|0.01|0.02|0.14
1462027294113|0.05|0.04|0.13
1462027294132|0.11|0.04|0.15
1462027294155|0.16|0.03|0.16
1462027294176|0.16|0.02|0.15
1462027294195|0.15|-0.01|0.11
1462027294217|0.13|-0.03|0.07
1462027294238|0.13|-0.02|0.02
1462027294258|0.12|-0.02|-0.00
1462027294280|0.10|-0.02|0.01
1462027294303|0.08|-0.02|0.01
1462027294324|0.07|-0.01|0.02
1462027294344|0.07|0.00|-0.00
1462027294366|0.05|0.02|-0.06
1462027294386|0.03|0.05|-0.12
1462027294408|0.03|0.06|-0.13
1462027294429|0.01|0.04|-0.12
1462027294449|-0.03|0.03|-0.10
1462027294475|-0.07|0.02|-0.09
1462027294502|-0.10|0.02|-0.07
1462027294514|-0.13|0.03|-0.04
1462027294535|-0.15|0.05|-0.02
1462027294556|-0.17|0.06|0.00
1462027294579|-0.18|0.07|0.06
1462027294598|-0.18|0.07|0.14
1462027294620|-0.16|0.06|0.23
1462027294640|-0.10|0.04|0.30
1462027294665|-0.03|0.04|0.32
1462027294686|0.06|0.03|0.28
1462027294707|0.13|0.01|0.18
1462027294730|0.18|0.01|0.07
1462027294749|0.22|0.01|-0.02
1462027294770|0.23|-0.02|-0.08
1462027294791|0.19|-0.04|-0.10
1462027294813|0.16|-0.06|-0.08
1462027294833|0.10|-0.05|-0.04
1462027294857|0.06|-0.02|0.02
1462027294878|0.02|0.01|0.08
1462027294897|-0.02|0.04|0.13
1462027294918|-0.07|0.06|0.18
1462027294940|-0.08|0.07|0.24
1462027294960|-0.09|0.07|0.24
1462027294985|-0.08|0.09|0.13
1462027295004|-0.03|0.11|-0.03
1462027295026|-0.05|0.11|-0.12
1462027295047|-0.09|0.05|-0.15
1462027295070|-0.11|0.03|-0.16
1462027295090|-0.09|0.03|-0.17
1462027295112|-0.07|0.05|-0.16
1462027295133|-0.08|0.06|-0.11
1462027295154|-0.07|0.08|-0.05
1462027295181|-0.05|0.07|0.01
1462027295184|-0.03|0.07|0.05
1462027295198|-0.04|0.07|0.10
1462027295218|-0.05|0.05|0.12
1462027295243|-0.03|0.05|0.10
1462027295277|0.01|0.04|0.06
1462027295289|0.04|0.03|0.03
1462027295307|0.06|-0.02|0.01
1462027295325|0.06|-0.04|-0.04
1462027295346|0.05|-0.03|-0.11
1462027295368|0.02|-0.04|-0.15
1462027295388|-0.06|-0.06|-0.10
1462027295409|-0.11|-0.08|-0.02
1462027295432|-0.11|-0.07|0.09
1462027295457|-0.10|-0.04|0.22
1462027295476|-0.09|-0.02|0.30
1462027295498|-0.07|0.01|0.32
1462027295521|-0.00|0.07|0.26
1462027295541|0.07|0.14|0.14
1462027295564|0.17|0.20|0.07
1462027295584|0.25|0.19|0.05
1462027295605|0.27|0.13|0.01
1462027295627|0.26|0.06|-0.10
1462027295650|0.22|0.00|-0.23
1462027295670|0.15|-0.03|-0.35
1462027295693|0.09|-0.04|-0.39
1462027295715|0.07|-0.05|-0.29
1462027295736|0.05|-0.05|-0.11
1462027295757|0.01|-0.04|0.03
1462027295777|-0.03|0.03|0.08
1462027295798|-0.03|0.07|0.10
1462027295824|-0.05|0.08|0.15
1462027295846|-0.06|0.05|0.24
1462027295863|-0.08|-0.01|0.29
1462027295885|-0.12|-0.05|0.29
1462027295907|-0.13|-0.08|0.22
1462027295927|-0.13|-0.09|0.12
1462027295949|-0.10|-0.09|0.02
1462027295970|-0.09|-0.09|-0.03
1462027295990|-0.07|-0.08|-0.04
1462027296016|-0.05|-0.09|-0.03
1462027296037|-0.08|-0.06|-0.02
1462027296056|-0.09|-0.04|-0.04
1462027296078|-0.09|-0.01|-0.02
1462027296100|-0.08|0.02|0.02
1462027296122|-0.08|0.03|0.05
1462027296142|-0.07|0.02|0.09
1462027296163|-0.05|0.02|0.13
1462027296183|-0.02|0.01|0.14
1462027296206|0.01|0.00|0.11
1462027296227|0.06|-0.00|0.06
1462027296246|0.11|-0.02|0.00
1462027296279|0.12|-0.03|-0.03
1462027296290|0.10|-0.03|-0.05
1462027296310|0.10|-0.01|-0.08
1462027296335|0.10|0.03|-0.07
1462027296355|0.07|0.04|0.01
1462027296378|0.04|0.05|0.10
1462027296397|0.03|0.05|0.18
1462027296420|0.02|0.06|0.21
1462027296442|0.03|0.05|0.21
1462027296461|0.04|0.03|0.17
1462027296483|0.03|0.01|0.12
1462027296503|0.04|-0.01|0.08
1462027296525|0.03|-0.03|0.04
1462027296547|0.04|-0.03|-0.02
1462027296568|0.03|-0.02|-0.05
1462027296589|0.02|-0.02|-0.04
1462027296611|0.01|-0.01|-0.03
1462027296632|0.02|0.02|-0.03
1462027296653|0.02|0.05|-0.02
1462027296675|-0.00|0.05|-0.01
1462027296696|-0.03|0.03|-0.00
1462027296718|-0.06|-0.00|0.01
1462027296739|-0.09|-0.03|0.00
1462027296759|-0.11|-0.05|-0.02
1462027296786|-0.12|-0.05|-0.04
1462027296805|-0.14|-0.05|-0.05
1462027296828|-0.13|-0.04|-0.03
1462027296847|-0.12|-0.03|0.01
1462027296871|-0.10|-0.02|0.06
1462027296890|-0.07|-0.01|0.10
1462027296913|-0.03|0.00|0.12
1462027296932|-0.00|0.01|0.13
1462027296953|0.02|0.01|0.12
1462027296975|0.06|0.02|0.10
1462027296998|0.10|0.02|0.08
1462027297017|0.13|0.03|0.04
1462027297038|0.13|0.02|0.01
1462027297060|0.10|0.00|-0.04
1462027297084|0.10|0.00|-0.07
1462027297102|0.10|-0.01|-0.03
1462027297124|0.03|-0.05|0.01
1462027297145|-0.02|-0.07|0.05
1462027297168|-0.03|-0.06|0.09
1462027297189|-0.05|-0.08|0.09
1462027297209|-0.09|-0.08|0.06
1462027297232|-0.10|-0.09|0.03
1462027297254|-0.13|-0.10|0.03
1462027297274|-0.14|-0.12|0.08
1462027297297|-0.07|-0.10|0.13
1462027297317|0.02|-0.03|0.11
1462027297338|0.06|0.06|0.11
1462027297359|0.20|0.13|0.14
1462027297380|0.24|0.18|0.20
1462027297403|0.23|0.18|0.14
1462027297422|0.20|0.18|0.04
1462027297443|0.22|0.19|-0.04
1462027297465|0.30|0.19|-0.05
1462027297487|0.27|0.15|-0.00
1462027297507|0.22|0.07|0.02
1462027297527|0.21|0.03|-0.00
1462027297549|0.22|0.04|-0.08
1462027297573|0.20|0.08|-0.13
1462027297595|0.16|0.07|-0.08
1462027297613|0.12|0.06|-0.04
1462027297635|0.10|0.05|-0.00
1462027297656|0.07|0.05|0.04
1462027297676|0.04|0.05|0.06
1462027297699|0.02|0.05|0.06
1462027297720|0.04|0.06|0.04
1462027297741|0.04|0.07|0.02
1462027297763|0.06|0.08|0.03
1462027297783|0.08|0.06|0.04
1462027297806|0.06|0.06|0.00
1462027297827|-0.00|0.10|-0.06
1462027297847|0.01|0.12|-0.12
1462027297868|-0.01|0.13|-0.10
1462027297890|-0.05|0.09|-0.03
1462027297914|-0.11|0.05|0.03
1462027297935|-0.11|0.02|0.11
1462027297956|-0.07|0.01|0.15
1462027297976|-0.01|0.03|0.13
1462027297999|0.03|0.05|0.07
1462027298020|0.06|0.06|0.05
1462027298043|0.09|0.06|0.03
1462027298061|0.12|0.07|-0.00
1462027298084|0.13|0.08|-0.01
1462027298102|0.12|0.07|-0.01
1462027298124|0.10|0.07|-0.07
1462027298146|0.09|0.07|-0.12
1462027298166|0.09|0.03|-0.04
1462027298188|0.07|-0.00|0.04
1462027298212|0.02|-0.03|0.08
1462027298231|0.03|-0.06|0.08
1462027298253|0.02|-0.08|0.10
1462027298278|-0.02|-0.11|0.16
1462027298298|-0.02|-0.16|0.18
1462027298315|-0.01|-0.16|0.15
1462027298338|0.01|-0.15|0.12
1462027298362|-0.00|-0.15|0.12
1462027298380|-0.02|-0.13|0.08
1462027298401|-0.01|-0.09|0.03
1462027298422|0.00|-0.06|0.01
1462027298444|0.00|-0.05|0.04
1462027298466|0.01|-0.03|0.05
1462027298484|0.01|-0.01|0.04
1462027298507|0.00|0.01|-0.01
1462027298529|0.01|0.02|-0.06
1462027298548|-0.01|0.04|-0.08
1462027298569|-0.02|0.04|-0.04
1462027298591|-0.03|0.02|0.03
1462027298614|-0.04|0.00|0.08
1462027298636|-0.05|0.00|0.09
1462027298655|-0.06|0.01|0.08
1462027298675|-0.05|0.01|0.10
1462027298699|-0.02|0.02|0.12
1462027298718|0.00|0.02|0.10
1462027298737|0.02|0.02|0.06
1462027298761|0.01|0.03|0.01
1462027298781|-0.01|0.04|-0.01
1462027298802|-0.01|0.05|-0.01
1462027298826|-0.00|0.05|0.01
1462027298847|-0.02|0.02|0.04
1462027298867|-0.03|0.00|0.07
1462027298894|-0.03|-0.01|0.06
1462027298914|-0.02|-0.00|0.04
1462027298936|-0.01|-0.01|0.02
1462027298954|0.01|-0.01|-0.01
1462027298975|0.02|-0.00|-0.04
1462027298997|0.03|0.00|-0.05
1462027299020|0.04|0.00|-0.01
1462027299039|0.03|-0.01|0.03
1462027299061|0.02|-0.00|0.08
1462027299082|-0.00|-0.00|0.10
1462027299104|-0.01|0.00|0.14
1462027299123|-0.02|-0.01|0.16
1462027299147|-0.05|0.01|0.16
1462027299168|-0.03|0.01|0.11
1462027299187|-0.03|0.02|0.05
1462027299208|-0.04|-0.01|0.02
1462027299230|-0.06|-0.01|0.01
1462027299250|-0.05|0.01|-0.03
1462027299274|-0.02|0.05|-0.08
1462027299294|0.00|0.06|-0.05
1462027299315|-0.01|0.05|0.01
1462027299337|-0.02|0.04|0.02
1462027299358|-0.03|0.06|0.00
1462027299378|-0.03|0.07|-0.02
1462027299400|-0.03|0.08|-0.01
1462027299421|-0.03|0.08|-0.02
1462027299442|-0.04|0.06|-0.00
1462027299463|-0.07|0.03|0.05
1462027299486|-0.09|0.02|0.08
1462027299508|-0.10|0.03|0.07
1462027299530|-0.10|0.04|0.08
1462027299552|-0.07|0.03|0.07
1462027299572|-0.06|0.03|0.11
1462027299595|-0.03|0.03|0.10
1462027299615|-0.02|0.04|0.01
1462027299637|-0.03|0.04|-0.07
1462027299656|-0.01|0.02|-0.04
1462027299677|0.01|0.02|0.02
1462027299698|0.02|0.03|0.04
1462027299719|0.01|0.05|0.03
1462027299743|-0.01|0.05|0.04
1462027299764|-0.02|0.04|0.04
1462027299785|-0.02|0.03|0.03
1462027299806|-0.02|0.03|0.02
1462027299827|-0.01|0.01|0.02
1462027299848|-0.02|0.01|0.01
1462027299875|-0.05|-0.01|0.02
1462027299876|-0.07|-0.02|0.02
1462027299890|-0.08|-0.04|0.04
1462027299913|-0.09|-0.03|0.04
1462027299935|-0.09|-0.01|-0.01
1462027299956|-0.08|0.03|-0.04
1462027299978|-0.05|0.03|0.03
1462027299998|-0.05|0.02|0.11
1462027300019|-0.05|0.02|0.13
1462027300043|-0.04|0.04|0.09
1462027300063|-0.02|0.05|0.07
1462027300083|0.01|0.05|0.06
1462027300105|0.03|0.04|0.06
1462027300127|0.03|0.02|0.05
1462027300147|0.02|-0.00|0.08
1462027300168|0.00|-0.02|0.15
1462027300190|-0.04|-0.02|0.14
1462027300210|-0.08|0.01|0.09
1462027300233|-0.08|0.02|0.05
1462027300255|-0.07|0.04|0.02
1462027300275|-0.07|0.04|0.01
1462027300296|-0.06|0.04|0.00
1462027300317|-0.05|0.04|0.01
1462027300338|-0.03|0.03|0.01
1462027300360|-0.01|0.02|-0.02
1462027300380|0.02|0.03|-0.03
1462027300401|0.04|0.03|-0.02
1462027300424|0.05|0.04|-0.03
1462027300447|0.05|0.06|-0.08
1462027300466|0.04|0.06|-0.15
1462027300488|0.04|0.07|-0.16
1462027300509|0.06|0.07|-0.07
1462027300530|0.07|0.05|0.09
1462027300554|0.08|0.06|0.18
1462027300574|0.07|0.06|0.16
1462027300595|0.05|0.08|0.06
1462027300616|0.02|0.09|-0.02
1462027300637|-0.02|0.08|-0.03
1462027300657|-0.07|0.05|-0.00
1462027300683|-0.12|0.02|0.02
1462027300705|-0.17|0.01|0.05
1462027300722|-0.19|0.02|0.09
1462027300744|-0.19|0.03|0.16
1462027300767|-0.19|0.04|0.23
1462027300788|-0.20|0.05|0.29
1462027300809|-0.19|0.06|0.31
1462027300832|-0.18|0.06|0.25
1462027300851|-0.17|0.08|0.15
1462027300872|-0.13|0.09|0.00
1462027300895|-0.07|0.10|-0.11
1462027300915|-0.04|0.10|-0.17
1462027300938|-0.02|0.07|-0.20
1462027300960|-0.02|0.04|-0.19
1462027300985|-0.01|0.02|-0.16
1462027301003|0.03|0.03|-0.10
1462027301023|0.09|0.06|-0.05
1462027301042|0.12|0.10|-0.00
1462027301065|0.14|0.12|0.07
1462027301090|0.18|0.15|0.15
1462027301109|0.21|0.17|0.17
1462027301131|0.22|0.19|0.14
1462027301153|0.23|0.19|0.10
1462027301174|0.22|0.19|0.08
1462027301194|0.19|0.16|0.06
1462027301217|0.15|0.15|0.02
1462027301237|0.11|0.14|-0.03
1462027301260|0.06|0.12|-0.06
1462027301280|0.00|0.08|-0.06
1462027301305|-0.05|0.07|-0.06
1462027301324|-0.08|0.06|-0.07
1462027301345|-0.11|0.05|-0.03
1462027301366|-0.14|0.03|0.04
1462027301388|-0.16|0.02|0.08
1462027301411|-0.15|0.04|0.04
1462027301429|-0.12|0.07|-0.01
1462027301450|-0.09|0.07|-0.00
1462027301472|-0.09|0.06|0.00
1462027301492|-0.07|0.06|-0.03
1462027301514|-0.05|0.05|-0.07
1462027301536|-0.03|0.06|-0.10
1462027301557|-0.01|0.07|-0.10
1462027301576|0.01|0.07|-0.06
1462027301600|0.00|0.06|-0.06
1462027301625|-0.01|0.07|-0.08
1462027301647|0.00|0.08|-0.09
1462027301667|0.01|0.08|-0.07
1462027301683|-0.01|0.08|-0.07
1462027301705|-0.02|0.09|-0.06
1462027301728|-0.02|0.09|-0.04
1462027301749|-0.01|0.08|0.01
1462027301767|-0.01|0.06|0.05
1462027301791|-0.01|0.05|0.04
1462027301812|-0.00|0.06|0.02
1462027301833|0.01|0.04|0.01
1462027301856|-0.01|0.02|0.00
1462027301875|-0.03|0.01|-0.01
1462027301896|-0.01|0.01|-0.01
1462027301917|-0.01|0.02|-0.01
1462027301938|-0.00|0.02|-0.00
1462027301965|0.01|0.00|0.01
1462027301983|0.02|0.01|0.03
1462027302003|0.00|0.01|0.03
1462027302026|-0.00|0.00|0.02
1462027302047|0.00|-0.02|0.05
1462027302067|0.01|-0.05|0.09
1462027302090|0.01|-0.07|0.11
1462027302112|0.03|-0.07|0.08
1462027302131|0.07|-0.05|0.02
1462027302154|0.10|-0.03|-0.01
1462027302176|0.11|-0.02|-0.01
1462027302195|0.12|-0.01|-0.00
1462027302217|0.09|-0.01|-0.02
1462027302238|0.06|0.01|-0.06
1462027302263|0.04|0.01|-0.08
1462027302281|0.03|0.01|-0.10
1462027302303|0.01|-0.03|-0.05
1462027302323|-0.05|-0.07|-0.01
1462027302345|-0.08|-0.10|0.00
1462027302367|-0.07|-0.09|0.01
1462027302387|-0.05|-0.07|0.01
1462027302408|-0.03|-0.05|0.01
1462027302432|-0.01|-0.05|0.07
1462027302452|0.01|-0.04|0.13
1462027302475|0.02|-0.02|0.15
1462027302498|0.05|0.00|0.14
1462027302516|0.06|0.02|0.11
1462027302541|0.08|0.02|0.10
1462027302565|0.06|0.01|0.07
1462027302580|0.03|-0.02|0.07
1462027302603|0.02|-0.04|0.07
1462027302624|0.01|-0.07|0.08
1462027302649|-0.01|-0.10|0.09
1462027302667|-0.01|-0.11|0.10
1462027302689|-0.01|-0.12|0.06
1462027302710|-0.01|-0.09|-0.01
1462027302735|-0.01|-0.07|-0.04
1462027302757|0.00|-0.07|-0.00
1462027302777|0.01|-0.08|0.09
1462027302797|0.01|-0.08|0.16
1462027302818|0.01|-0.07|0.18
1462027302839|0.01|-0.04|0.16
1462027302862|0.02|-0.01|0.13
1462027302884|0.04|0.01|0.11
1462027302904|0.03|0.02|0.09
1462027302928|0.02|0.02|0.07
1462027302952|-0.00|0.01|0.03
1462027302970|-0.03|0.00|0.02
1462027302990|-0.06|-0.01|0.05
1462027303013|-0.06|-0.01|0.06
1462027303035|-0.08|-0.02|0.06
1462027303056|-0.08|-0.01|0.06
1462027303076|-0.08|-0.00|0.06
1462027303097|-0.06|0.02|0.05
1462027303119|-0.07|0.02|0.01
1462027303141|-0.06|0.03|-0.02
1462027303160|-0.04|0.02|-0.03
1462027303183|-0.03|0.01|-0.01
1462027303206|-0.03|-0.01|0.03
1462027303224|-0.05|-0.02|0.05
1462027303247|-0.07|-0.01|0.03
1462027303268|-0.04|0.03|0.03
1462027303290|-0.01|0.04|0.08
1462027303310|0.01|0.06|0.14
1462027303334|0.05|0.08|0.15
1462027303353|0.10|0.11|0.11
1462027303377|0.12|0.12|0.08
1462027303399|0.09|0.09|0.05
1462027303422|0.07|0.04|0.01
1462027303440|0.05|0.01|-0.08
1462027303460|0.01|-0.01|-0.15
1462027303482|-0.02|-0.04|-0.13
1462027303503|-0.02|-0.06|-0.08
1462027303534|0.00|-0.06|-0.06
1462027303546|0.02|-0.04|-0.06
1462027303568|0.02|-0.03|-0.04
1462027303590|0.01|-0.02|-0.02
1462027303611|0.02|-0.01|-0.02
1462027303632|0.02|-0.00|0.02
1462027303655|-0.00|-0.01|0.07
1462027303674|-0.02|-0.01|0.09
1462027303695|-0.01|0.01|0.06
1462027303717|0.02|0.05|0.03
1462027303742|0.04|0.06|0.05
1462027303761|0.03|0.05|0.07
1462027303782|0.02|0.03|0.05
1462027303802|0.01|0.03|0.04
1462027303824|-0.00|0.02|0.02
1462027303846|-0.02|-0.01|-0.01
1462027303865|-0.02|-0.02|-0.02
1462027303887|-0.01|-0.03|-0.01
1462027303910|-0.03|-0.04|-0.02
1462027303931|-0.04|-0.04|-0.03
1462027303951|-0.03|-0.04|-0.03
1462027303973|-0.02|-0.03|0.01
1462027303994|0.00|-0.01|0.06
1462027304015|0.02|0.02|0.09
1462027304037|0.03|0.04|0.08
1462027304062|0.06|0.06|0.08
1462027304080|0.06|0.06|0.09
1462027304104|0.05|0.04|0.08
1462027304125|0.05|0.03|0.05
1462027304144|0.04|0.00|0.04
1462027304167|-0.01|-0.01|0.03
1462027304186|-0.05|-0.01|-0.02
1462027304208|-0.06|-0.01|-0.02
1462027304231|-0.03|-0.01|0.02
1462027304250|-0.04|-0.02|0.08
1462027304270|-0.06|-0.04|0.10
1462027304293|-0.06|-0.04|0.08
1462027304315|-0.03|-0.02|0.06
1462027304338|0.00|-0.01|0.05
1462027304356|0.01|-0.00|0.04
1462027304377|0.01|0.00|0.02
1462027304403|0.02|0.01|0.01
1462027304420|0.02|0.03|0.01
1462027304442|0.01|0.05|0.04
1462027304464|-0.01|0.04|0.06
1462027304485|-0.04|0.02|0.05
1462027304505|-0.05|0.01|0.05
1462027304527|-0.04|-0.01|0.07
1462027304549|-0.04|-0.03|0.08
1462027304568|-0.05|-0.03|0.04
1462027304593|-0.02|-0.02|-0.02
1462027304613|0.02|0.00|-0.05
1462027304633|0.02|0.02|-0.03
1462027304659|0.01|0.00|0.01
1462027304680|0.01|0.01|0.03
1462027304697|0.02|0.02|0.05
1462027304719|0.01|0.02|0.07
1462027304741|-0.01|0.02|0.07
1462027304763|-0.01|0.01|0.04
1462027304784|-0.01|0.01|0.00
1462027304807|0.00|0.01|-0.03
1462027304824|-0.04|0.02|-0.09
1462027304846|-0.10|0.02|-0.19
1462027304867|-0.13|0.03|-0.21
1462027304887|-0.09|0.03|-0.14
1462027304912|-0.08|0.00|-0.01
1462027304932|-0.05|-0.03|0.13
1462027304952|0.02|-0.06|0.25
1462027304976|0.07|-0.08|0.32
1462027304996|0.11|-0.07|0.34
1462027305016|0.17|-0.06|0.25
1462027305039|0.20|-0.03|0.13
1462027305065|0.23|-0.01|0.04
1462027305086|0.21|0.01|-0.03
1462027305105|0.20|0.02|-0.01
1462027305124|0.21|0.02|0.03
1462027305146|0.20|0.05|0.04
1462027305170|0.19|0.10|-0.01
1462027305191|0.17|0.13|-0.02
1462027305210|0.10|0.10|0.02
1462027305232|0.01|0.05|0.08
1462027305262|-0.08|0.02|0.11
1462027305275|-0.13|0.01|0.11
1462027305297|-0.16|0.01|0.08
1462027305319|-0.19|-0.00|0.02
1462027305338|-0.20|-0.01|0.01
1462027305360|-0.20|-0.03|0.04
1462027305382|-0.17|-0.03|0.06
1462027305404|-0.11|0.01|0.07
1462027305425|-0.06|0.04|0.12
1462027305452|-0.04|0.05|0.18
1462027305470|-0.02|0.05|0.26
1462027305489|0.01|0.06|0.31
1462027305510|0.04|0.07|0.30
1462027305531|0.08|0.09|0.21
1462027305554|0.16|0.13|0.05
1462027305575|0.19|0.14|-0.14
1462027305595|0.14|0.10|-0.26
1462027305620|0.06|0.08|-0.32
1462027305643|0.01|0.05|-0.33
1462027305662|-0.00|0.01|-0.31
1462027305681|-0.04|0.01|-0.31
1462027305703|-0.04|0.03|-0.27
1462027305726|-0.01|0.05|-0.16
1462027305747|0.04|0.05|-0.05
1462027305766|0.04|0.03|0.05
1462027305787|0.06|0.04|0.10
1462027305810|0.07|0.06|0.12
1462027305831|0.09|0.06|0.13
1462027305850|0.10|0.04|0.12
1462027305873|0.08|0.03|0.08
1462027305894|0.05|0.04|0.04
1462027305915|0.05|0.03|0.07
1462027305939|0.03|0.01|0.06
1462027305960|-0.01|0.01|0.02
1462027305980|-0.03|0.01|-0.03
1462027306000|-0.06|-0.02|-0.06
1462027306024|-0.12|-0.06|-0.01
1462027306046|-0.13|-0.10|0.04
1462027306067|-0.18|-0.12|0.08
1462027306086|-0.22|-0.10|0.00
1462027306109|-0.13|-0.04|0.10
1462027306129|-0.16|-0.15|0.23
1462027306150|-0.31|-0.21|0.32
1462027306170|-0.50|-0.22|0.39
