0.45980
0.49561
0.51213
0.46888
0.40871
0.34406
0.27238
0.19443
0.25157
0.51217
0.52418
0.59344
0.58019
0.62231
0.65629
0.59999
0.39061
0.38986
0.28609
0.49936
0.63395
0.63230
0.59276
0.50274
0.44505
0.44029
0.41764
0.36563
0.32354
0.31095
0.32788
0.35676
0.33301
0.33966
0.36506
0.38011
0.38083
0.37186
0.37272
0.38819
0.39005
0.37005
0.34669
0.33573
0.34842
0.34384
0.32396
0.30118
0.27722
0.24757
0.22441
0.20491
0.18647
0.17877
0.16783
0.15603
0.15040
0.13942
0.09371
0.07283
0.09190
0.10574
0.15433
0.22489
0.27235
0.24938
0.17282
0.14122
0.21773
0.27561
0.30104
0.29686
0.24463
0.20960
0.19648
0.17883
0.12823
0.08245
0.06702
0.04679
0.02974
0.04341
0.06292
0.08607
0.10954
0.12041
0.12792
0.12943
0.13013
0.10051
0.11331
0.13197
0.15099
0.17191
0.18443
0.15260
0.14143
0.13378
0.14301
0.13986
0.11298
0.08878
0.08649
0.10700
0.15148
0.18298
0.19487
0.23855
0.25271
0.24204
0.22236
0.17096
0.14611
0.13734
0.13505
0.12736
0.12295
0.11008
0.07284
0.12190
0.21254
0.28097
0.31461
0.37327
0.41257
0.43544
0.40740
0.33883
0.29522
0.22135
0.15944
0.13065
0.12584
0.13788
0.20719
0.19063
0.20754
0.22274
0.17900
0.21518
0.35115
0.48190
0.57494
0.65226
0.68555
0.69572
0.64593
0.52480
0.41491
0.30122
0.19099
0.11719
0.10886
0.10434
0.12908
0.21545
0.29188
0.30612
0.30952
0.32069
0.35946
0.36993
0.31829
0.26849
0.19026
0.13698
0.04344
0.17762
0.17839
0.25490
0.25872
0.20443
0.13322
0.08683
0.09343
0.11479
0.13561
0.20406
0.29696
0.32833
0.33744
0.29657
0.31132
0.34985
0.33747
0.30293
0.24503
0.28751
0.28750
0.21485
0.17195
0.20117
0.18654
0.25057
0.25697
0.19519
0.20602
0.19968
0.10829
0.11521
0.21121
0.25246
0.22116
0.19424
0.18506
0.18061
0.16718
0.16701
0.17886
0.20109
0.20925
0.27451
0.35174
0.36674
0.32263
0.25494
0.24789
0.28073
0.31809
0.35003
0.41322
0.53510
0.63694
0.59879
0.48113
0.36119
0.25163
0.16964
0.14430
0.14146
0.17283
0.20989
0.21978
0.21223
0.19716
0.16923
0.16343
0.15873
0.12720
0.20039
0.31220
0.37805
0.35974
0.31119
0.25473
0.17220
0.19252
0.23765
0.24794
0.20166
0.14803
0.15615
0.19762
0.20820
0.17424
0.15517
0.12452
0.11355
0.12423
0.14677
0.20587
0.29862
0.30969
0.22986
0.05497
0.14658
0.28524
0.35427
0.38398
0.39405
0.39853
0.37354
0.32281
0.24221
0.17257
0.10270
0.07992
0.09063
0.13135
0.15689
0.18274
0.21856
0.23670
0.22524
0.17780
0.11961
0.06941
0.06688
0.07052
0.07716
0.08902
0.09046
0.11599
0.16787
0.19779
0.21646
0.20880
0.15548
0.18222
0.31297
0.44360
0.53447
0.54295
0.50209
0.43166
0.36805
0.32733
0.26753
0.17494
0.14928
0.24066
0.28379
0.28358
0.27339
0.28151
0.37745
0.44112
0.41525
0.30696
0.25285
0.28236
0.25385
0.20515
0.17482
0.16099
0.11674
0.07012
0.08402
0.09018
0.10100
0.09113
0.07236
0.06280
0.09470
0.14760
0.21178
0.25758
0.25521
0.21769
0.21404
0.21830
0.24290
0.26148
0.26099
0.24312
0.22256
0.20041
0.17538
0.19755
0.23271
0.26044
0.27058
0.24802
0.21233
0.17792
0.15935
0.17405
0.21916
0.27272
0.33572
0.40693
0.45604
0.45228
0.45577
0.44513
0.41109
0.35508
0.27471
0.20794
0.17644
0.24396
0.35457
0.41437
0.45651
0.49827
0.52500
0.54278
0.52605
0.48180
0.41992
0.37682
0.32820
0.28051
0.23514
0.21218
0.23398
0.27058
0.25676
0.18317
0.16661
0.20197
0.22430
0.20772
0.18326
0.16898
0.15852
0.13293
0.12380
0.16093
0.19381
0.19745
0.15868
0.12832
0.17102
0.22593
0.21745
0.17381
0.08397
0.02879
0.08882
0.15812
0.19454
0.18227
0.17618
0.18374
0.15574
0.10544
0.06592
0.04410
0.02854
0.05772
0.09866
0.09832
0.07793
0.05867
0.05868
0.06471
0.06917
0.07148
0.09171
0.09563
0.10645
0.10870
0.10780
0.12765
0.15512
0.17936
0.16534
0.12617
0.12839
0.14944
0.13060
0.10526
0.08242
0.07129
0.07548
0.10318
0.08869
0.08920
0.11152
0.11740
0.12206
0.13542
0.15463
0.19769
0.30433
0.39185
0.42180
0.35877
0.28622
0.19466
0.26529
0.53935
0.65975
0.70356
0.65068
0.53373
0.39075
0.35244
0.39932
0.44570
0.48606
0.51658
0.51864
0.55647
0.58694
0.55764
0.57277
0.43579
0.33073
0.29302
0.44335
0.65930
0.76853
0.78868
0.69002
0.54596
0.38389
0.17952
0.08505
0.19280
0.27411
0.32259
0.34124
0.32075
0.27425
0.23101
0.21780
0.24371
0.28863
0.13726
0.89850
1.47494
1.83108
2.02969
2.20275
2.29144
2.27571
2.12410
1.90365
1.67814
1.45556
1.28034
1.10429
0.97334
0.89417
0.83761
0.82561
0.82293
0.78001
0.76063
0.65687
0.57824
0.51527
0.48247
0.46105
0.44161
0.47624
0.50504
0.52291
0.51586
0.51148
0.50327
0.49304
0.48788
0.49012
0.46870
0.46561
0.49096
0.53514
0.57684
0.64506
0.71802
0.78306
0.86860
0.94828
1.01733
1.15264
1.26328
1.35294
1.37836
1.40157
1.42128
1.42445
1.43020
1.43679
1.55799
1.68022
1.78667
1.87763
1.95560
2.01293
2.06030
2.05814
2.04710
1.93708
1.84181
1.80036
1.77108
1.73539
1.70792
1.79202
1.84651
1.62710
1.44844
1.31207
0.99057
0.74551
0.56454
0.67394
0.87385
1.09395
1.28182
1.42910
1.54876
1.58703
1.61249
1.56431
1.51393
1.47553
1.35602
1.19080
1.06595
0.95842
0.73065
0.55376
0.41408
0.37662
0.34479
0.39222
0.45506
0.51364
0.56547
0.71963
0.84948
0.96820
1.06969
1.16752
1.26973
1.35352
1.34502
1.33957
1.32420
1.27059
1.22195
1.05425
0.92812
0.82662
0.75118
0.59202
0.55748
0.53064
0.49321
0.67597
0.82408
0.92203
1.13226
1.30877
1.42536
1.39811
1.36861
0.91462
0.60330
0.45962
0.48427
0.49096
0.53408
0.37850
0.36574
0.43830
0.53695
0.63280
0.71610
0.82348
0.92910
1.02525
0.99708
0.79435
0.70352
0.82182
0.92938
1.20107
1.46956
1.63416
1.65253
1.44469
1.12797
0.84001
0.71608
0.75159
0.80195
0.82649
0.83378
0.81828
0.84121
0.90496
0.97786
1.03020
0.94743
0.86844
0.81468
0.77261
0.75497
0.80590
0.89537
0.95090
0.95565
0.94665
0.90556
0.72292
0.58710
0.73070
0.96312
0.98368
1.04828
1.18550
1.33723
1.50147
1.55906
1.46129
1.21258
1.00676
1.00076
1.01446
0.97578
0.90073
0.82560
0.76769
0.69450
0.56662
0.48021
0.44366
0.49331
0.57008
0.73781
0.88665
1.00730
1.17275
1.30856
1.41400
1.49956
1.56301
1.54010
1.51396
1.38659
1.28620
1.17552
1.08754
1.00841
0.94548
0.89536
0.84736
0.81028
0.78416
0.75958
0.73233
0.71000
0.72928
0.74052
0.78786
0.82863
0.85027
0.85660
0.85013
0.80788
0.76692
0.73961
0.68074
0.63419
0.55408
0.51395
0.50971
0.53680
0.62894
0.71984
0.79954
0.94847
1.07037
1.16913
1.21299
1.25474
1.22589
1.20537
1.28428
1.35685
1.48327
1.58849
1.59772
1.61870
1.63356
1.62414
1.61142
1.61959
1.61654
1.61804
1.61203
1.59051
1.46347
1.34963
1.15281
1.00363
0.92925
0.89054
0.85709
0.86423
0.85811
0.86112
0.84580
0.88009
0.90789
0.90952
0.94546
0.95534
0.93663
0.90579
0.82649
0.76600
0.70573
0.65457
0.62522
0.69614
0.80132
0.90322
1.07513
1.23264
1.36623
1.51172
1.62938
1.69474
1.75631
1.66356
1.59587
1.54330
1.41881
1.31798
1.23871
1.18323
1.13434
1.02798
0.94689
0.87318
0.75916
0.66569
0.64942
0.64817
0.63910
0.73245
0.82380
0.88095
0.90221
0.89843
0.89635
0.92438
0.96618
1.03735
1.03030
0.93298
0.92971
1.14854
1.43024
1.26815
0.90031
0.71198
0.58011
0.57619
0.72115
0.92767
1.04571
1.00749
0.81270
0.52929
0.41716
0.56249
0.64535
0.68484
0.77899
0.89411
0.96521
0.99719
1.00390
1.03064
1.03266
0.97040
0.88938
0.79352
0.64581
0.49712
0.44644
0.46060
0.43947
0.41336
0.52025
0.92255
1.27839
1.24902
1.19779
1.08291
1.05990
1.15916
1.25148
1.29948
1.26993
1.17253
1.04633
0.92392
0.85091
0.87203
0.87670
0.86516
0.83509
0.76425
0.63349
0.45194
0.26461
0.19529
0.32097
0.47795
0.54533
0.59656
0.64695
0.70820
0.76331
0.84976
0.92896
1.01090
1.09280
1.15482
1.21357
1.08918
0.79973
0.52406
0.42110
0.24046
0.36860
0.66861
0.83440
0.73696
0.56496
0.46699
0.54016
0.64932
0.75762
0.74110
0.76508
0.75983
0.62865
0.50087
0.39093
0.42806
0.59845
0.79037
0.87909
0.85284
0.71175
0.48521
0.34890
0.26707
0.20519
0.19923
0.26630
0.33477
0.36215
0.39155
0.43218
0.46136
0.48259
0.46959
0.46789
0.52777
0.59851
0.63437
0.64444
0.62381
0.52568
0.42134
0.34969
0.32170
0.33690
0.34494
0.37450
0.39012
0.41693
0.44858
0.44557
0.44920
0.41674
0.31980
0.24597
0.15924
0.10761
0.17157
0.27198
0.33033
0.32625
0.55345
0.78727
1.38550
2.60400
5.08416
9.93598
14.36200
14.45307
10.87209
4.95693
3.08334
5.28427
8.95162
11.26537
10.03695
7.28416
4.24567
1.82211
1.56559
1.96567
1.93788
1.88622
1.97518
2.05580
2.11476
2.16063
2.17931
2.13706
2.03549
1.85489
1.58234
1.16231
0.82674
0.60294
0.45920
0.38318
0.38402
0.24479
0.27852
0.45998
0.70611
0.83476
0.77997
0.55584
0.32938
0.20533
0.17557
0.26915
0.43521
0.47851
0.41809
0.22527
0.08812
0.14119
0.14990
0.09814
0.07313
0.18459
0.27386
0.29658
0.26672
0.17816
0.12023
0.11634
0.14182
0.17042
0.17002
0.18219
0.19699
0.19189
0.15706
0.13124
0.08790
0.06855
0.04428
0.02781
0.04520
0.05736
0.04825
0.31578
0.32270
0.29922
0.28805
0.30238
0.34140
0.39242
0.44567
0.47279
0.47180
0.48011
0.50811
0.50230
0.45010
0.36376
0.28437
0.23411
0.20441
0.18877
0.17906
0.20327
0.29102
0.36973
0.38997
0.38454
0.41598
0.45803
0.43891
0.40140
0.34109
0.23406
0.10551
0.19838
0.34454
0.41591
0.44009
0.43977
0.39237
0.32388
0.22284
0.14466
0.24616
0.40576
0.55111
0.65665
0.74343
0.82717
1.13701
1.04866
0.88892
0.83899
0.59633
0.38042
0.31387
0.35712
0.30831
0.14386
0.16115
0.31841
0.32337
1.00872
1.13092
0.90432
0.74211
0.69340
0.53280
0.34949
0.51857
0.70258
0.69927
0.60356
0.65055
0.61797
0.45185
0.37435
0.33970
0.38844
0.47437
0.52582
0.53257
0.53343
0.53578
0.50252
0.47530
0.39961
0.31758
0.28395
0.27399
0.28115
0.28293
0.30152
0.28180
0.22224
0.19695
0.19286
0.18727
0.20723
0.31263
0.36388
0.31234
0.26990
0.25485
0.26751
0.33894
0.32926
0.27495
0.25982
0.30072
0.33146
0.33275
0.29911
0.29171
0.29504
0.27609
0.26435
0.24415
0.23017
0.24194
0.12285
0.08898
0.12974
0.11683
0.09277
0.13283
0.14525
0.16243
0.18211
0.18446
0.14962
0.11628
0.09964
0.10483
0.10806
0.07291
0.05560
0.08430
0.05733
0.09437
0.16392
0.19977
0.15358
0.07999
0.07420
0.11707
0.13003
0.07328
0.16042
0.24115
0.28778
0.25519
0.14549
0.14887
0.23693
0.25937
0.32874
0.40072
0.43550
0.42641
0.39108
0.40710
0.34787
0.21759
0.10003
0.06370
0.04977
0.02171
0.06657
0.13526
0.15271
0.10562
0.08286
0.08041
0.16643
0.26640
0.35982
0.35950
0.31128
0.26574
0.27744
0.28267
0.18463
0.10872
0.17222
0.22675
0.28217
0.32594
0.28605
0.23945
0.26021
0.29225
0.27299
0.22581
0.14949
0.07829
0.06270
0.06741
0.09884
0.12178
0.15847
0.24940
0.28382
0.19750
0.12447
0.13244
0.12763
0.11554
0.16607
0.25966
0.25721
0.20975
0.18085
0.12490
0.09964
0.16737
0.31143
0.43223
0.51643
0.42978
0.24544
0.10071
0.29726
0.48929
0.55475
0.50454
0.38840
0.29133
0.24127
0.19748
0.13365
0.08903
0.10389
0.10735
0.09512
0.09953
0.14102
0.18938
0.23398
0.25203
0.24596
0.51890
0.33815
0.40695
0.66862
0.97526
1.07344
0.90223
0.66599
0.46364
0.39833
0.49043
0.66804
0.80335
0.84841
0.85218
0.88738
0.93918
1.03756
1.16030
1.22449
1.20244
1.07448
0.93187
0.80410
0.70535
0.78898
0.99654
0.95171
1.25189
1.84845
1.96467
1.55831
1.23161
1.05238
0.84668
0.66857
0.60033
0.58658
0.57720
0.53545
0.51446
0.63722
0.87001
1.11255
1.31290
1.38114
1.37412
1.34593
1.26886
1.17610
1.07442
0.90237
0.63038
0.33752
0.37966
0.58333
0.92897
1.67125
2.05507
2.31639
2.65270
2.61940
2.16503
1.79498
1.79582
1.90800
1.91394
1.80599
1.64293
1.48281
1.35282
1.24789
1.16494
1.13734
1.19826
1.29359
1.35967
1.36285
1.38402
1.46718
1.50546
1.40704
1.22625
1.00624
0.97817
1.16807
1.35322
1.41123
1.56944
2.02017
2.49269
2.78011
2.62283
2.07481
1.56906
1.25520
1.11686
1.03656
0.98015
0.96384
0.90195
0.78687
0.71296
0.79824
1.01793
1.28679
1.44714
1.42950
1.29243
1.14583
1.05621
1.05543
1.07835
1.08683
1.04210
0.95701
0.94084
0.98523
1.07359
1.18876
1.22281
1.30767
1.57598
1.76126
1.70011
1.50239
1.28585
1.21899
1.21838
1.13647
0.97563
0.84776
0.77874
0.74435
0.83736
1.07086
1.29250
1.42781
1.46982
1.39823
1.27905
1.13195
1.01325
0.93176
0.90231
0.90358
0.92765
0.95056
0.91533
0.87872
0.85133
0.92350
0.99940
0.98786
0.99366
1.13513
1.46756
1.84277
2.07536
2.05357
1.79696
1.55174
1.40143
1.30487
1.15261
1.04045
0.87525
0.75627
0.77279
0.88978
1.06067
1.18003
1.20765
1.19119
1.09834
0.95405
0.82949
0.69605
0.54910
0.51709
0.59329