0.45980
0.49561
0.51213
0.46888
0.40871
0.34406
0.27238
0.19443
0.25157
0.51217
0.52418
0.59344
0.58019
0.62231
0.65629
0.59999
0.39061
0.38986
0.28609
0.49936
0.63395
0.63230
0.59276
0.50274
0.44505
0.44029
0.41764
0.36563
0.32354
0.31095
0.32788
0.35676
0.33301
0.33966
0.36506
0.38011
0.38083
0.37186
0.37272
0.38819
0.39005
0.37005
0.34669
0.33573
0.34842
0.34384
0.32396
0.30118
0.27722
0.24757
0.22441
0.20491
0.18647
0.17877
0.16783
0.15603
0.15040
0.13942
0.09371
0.07283
0.09190
0.10574
0.15433
0.22489
0.27235
0.24938
0.17282
0.14122
0.21773
0.27561
0.30104
0.29686
0.24463
0.20960
0.19648
0.17883
0.12823
0.08245
0.06702
0.04679
0.02974
0.04341
0.06292
0.08607
0.10954
0.12041
0.12792
0.12943
0.13013
0.10051
0.11331
0.13197
0.15099
0.17191
0.18443
0.15260
0.14143
0.13378
0.14301
0.13986
0.11298
0.08878
0.08649
0.10700
0.15148
0.18298
0.19487
0.23855
0.25271
0.24204
0.22236
0.17096
0.14611
0.13734
0.13505
0.12736
0.12295
0.11008
0.07284
0.12190
0.21254
0.28097
0.31461
0.37327
0.41257
0.43544
0.40740
0.33883
0.29522
0.22135
0.15944
0.13065
0.12584
0.13788
0.20719
0.19063
0.20754
0.22274
0.17900
0.21518
0.35115
0.48190
0.57494
0.65226
0.68555
0.69572
0.64593
0.52480
0.41491
0.30122
0.19099
0.11719
0.10886
0.10434
0.12908
0.21545
0.29188
0.30612
0.30952
0.32069
0.35946
0.36993
0.31829
0.26849
0.19026
0.13698
0.04344
0.17762
0.17839
0.25490
0.25872
0.20443
0.13322
0.08683
0.09343
0.11479
0.13561
0.20406
0.29696
0.32833
0.33744
0.29657
0.31132
0.34985
0.33747
0.30293
0.24503
0.28751
0.28750
0.21485
0.17195
0.20117
0.18654
0.25057
0.25697
0.19519
0.20602
0.19968
0.10829
0.11521
0.21121
0.25246
0.22116
0.19424
0.18506
0.18061
0.16718
0.16701
0.17886
0.20109
0.20925
0.27451
0.35174
0.36674
0.32263
0.25494
0.24789
0.28073
0.31809
0.35003
0.41322
0.53510
0.63694
0.59879
0.48113
0.36119
0.25163
0.16964
0.14430
0.14146
0.17283
0.20989
0.21978
0.21223
0.19716
0.16923
0.16343
0.15873
0.12720
0.20039
0.31220
0.37805
0.35974
0.31119
0.25473
0.17220
0.19252
0.23765
0.24794
0.20166
0.14803
0.15615
0.19762
0.20820
0.17424
0.15517
0.12452
0.11355
0.12423
0.14677
0.20587
0.29862
0.30969
0.22986
0.05497
0.14658
0.28524
0.35427
0.38398
0.39405
0.39853
0.37354
0.32281
0.24221
0.17257
0.10270
0.07992
0.09063
0.13135
0.15689
0.18274
0.21856
0.23670
0.22524
0.17780
0.11961
0.06941
0.06688
0.07052
0.07716
0.08902
0.09046
0.11599
0.16787
0.19779
0.21646
0.20880
0.15548
0.18222
0.31297
0.44360
0.53447
0.54295
0.50209
0.43166
0.36805
0.32733
0.26753
0.17494
0.14928
0.24066
0.28379
0.28358
0.27339
0.28151
0.37745
0.44112
0.41525
0.30696
0.25285
0.28236
0.25385
0.20515
0.17482
0.16099
0.11674
0.07012
0.08402
0.09018
0.10100
0.09113
0.07236
0.06280
0.09470
0.14760
0.21178
0.25758
0.25521
0.21769
0.21404
0.21830
0.24290
0.26148
0.26099
0.24312
0.22256
0.20041
0.17538
0.19755
0.23271
0.26044
0.27058
0.24802
0.21233
0.17792
0.15935
0.17405
0.21916
0.27272
0.33572
0.40693
0.45604
0.45228
0.45577
0.44513
0.41109
0.35508
0.27471
0.20794
0.17644
0.24396
0.35457
0.41437
0.45651
0.49827
0.52500
0.54278
0.52605
0.48180
0.41992
0.37682
0.32820
0.28051
0.23514
0.21218
0.23398
0.27058
0.25676
0.18317
0.16661
0.20197
0.22430
0.20772
0.18326
0.16898
0.15852
0.13293
0.12380
0.16093
0.19381
0.19745
0.15868
0.12832
0.17102
0.22593
0.21745
0.17381
0.08397
0.02879
0.08882
0.15812
0.19454
0.18227
0.17618
0.18374
0.15574
0.10544
0.06592
0.04410
0.02854
0.05772
0.09866
0.09832
0.07793
0.05867
0.05868
0.06471
0.06917
0.07148
0.09171
0.09563
0.10645
0.10870
0.10780
0.12765
0.15512
0.17936
0.16534
0.12617
0.12839
0.14944
0.13060
0.10526
0.08242
0.07129
0.07548
0.10318
0.08869
0.08920
0.11152
0.11740
0.12206
0.13542
0.15463
0.19769
0.30433
0.39185
0.42180
0.35877
0.28622
0.19466
0.26529
0.53935
0.65975
0.70356
0.65068
0.53373
0.39075
0.35244
0.39932
0.44570
0.48606
0.51658
0.51864
0.55647
0.58694
0.55764
0.57277
0.43579
0.33073
0.29302
0.44335
0.65930
0.76853
0.78868
0.69002
0.54596
0.38389
0.17952
0.08505
0.19280
0.27411
0.32259
0.34124
0.32075
0.27425
0.23101
0.21780
0.24371
0.28863
0.31578
0.32270
0.29922
0.28805
0.30238
0.34140
0.39242
0.44567
0.47279
0.47180
0.48011
0.50811
0.50230
0.45010
0.36376
0.28437
0.23411
0.20441
0.18877
0.17906
0.20327
0.29102
0.36973
0.38997
0.38454
0.41598
0.45803
0.43891
0.40140
0.34109
0.23406
0.10551
0.19838
0.34454
0.41591
0.44009
0.43977
0.39237
0.32388
0.22284
0.14466
0.24616
0.40576
0.55111
0.65665
0.74343
0.82717
1.13701
1.04866
0.88892
0.83899
0.59633
0.38042
0.31387
0.35712
0.30831
0.14386
0.16115
0.31841
0.32337
1.00872
1.13092
0.90432
0.74211
0.69340
0.53280
0.34949
0.51857
0.70258
0.69927
0.60356
0.65055
0.61797
0.45185
0.37435
0.33970
0.38844
0.47437
0.52582
0.53257
0.53343
0.53578
0.50252
0.47530
0.39961
0.31758
0.28395
0.27399
0.28115
0.28293
0.30152
0.28180
0.22224
0.19695
0.19286
0.18727
0.20723
0.31263
0.36388
0.31234
0.26990
0.25485
0.26751
0.33894
0.32926
0.27495
0.25982
0.30072
0.33146
0.33275
0.29911
0.29171
0.29504
0.27609
0.26435
0.24415
0.23017
0.24194
0.12285
0.08898
0.12974
0.11683
0.09277
0.13283
0.14525
0.16243
0.18211
0.18446
0.14962
0.11628
0.09964
0.10483
0.10806
0.07291
0.05560
0.08430
0.05733
0.09437
0.16392
0.19977
0.15358
0.07999
0.07420
0.11707
0.13003
0.07328
0.16042
0.24115
0.28778
0.25519
0.14549
0.14887
0.23693
0.25937
0.32874
0.40072
0.43550
0.42641
0.39108
0.40710
0.34787
0.21759
0.10003
0.06370
0.04977
0.02171
0.06657
0.13526
0.15271
0.10562
0.08286
0.08041
0.16643
0.26640
0.35982
0.35950
0.31128
0.26574
0.27744
0.28267
0.18463
0.10872
0.17222
0.22675
0.28217
0.32594
0.28605
0.23945
0.26021
0.29225
0.27299
0.22581
0.14949
0.07829
0.06270
0.06741
0.09884
0.12178
0.15847
0.24940
0.28382
0.19750
0.12447
0.13244
0.12763
0.11554
0.16607
0.25966
0.25721
0.20975
0.18085
0.12490
0.09964
0.16737
0.31143
0.43223
0.51643
0.42978
0.24544
0.10071
0.29726
0.48929
0.55475
0.50454
0.38840
0.29133
0.24127
0.19748
0.13365
0.08903
0.10389
0.10735
0.09512
0.09953
0.14102
0.18938
0.23398
0.25203
0.24596
0.23333
0.19979
0.16092
0.17538
0.23680
0.29080
0.32496
0.28500
0.18434
0.09026
0.05687
0.09866
0.11599
0.16260
0.22023
0.21239
0.14304
0.13377
0.28537
0.35681
0.32354
0.24609
0.17198
0.09787
0.05676
0.04771
0.11564
0.19948
0.23226
0.20476
0.18279
0.19562
0.18302
0.18719
0.21614
0.22890
0.21169
0.15732
0.13921
0.13984
0.14992
0.14247
0.10364
0.06026
0.06420
0.13473
0.19474
0.19901
0.17409
0.09742
0.05266
0.14685
0.21295
0.23529
0.22407
0.18622
0.14254
0.11061
0.09706
0.09353
0.06896
0.01723
0.04168
0.04006
0.04672
0.09721
0.10871
0.05722
0.04065
0.05946
0.05250
0.06348
0.08979
0.10985
0.10053
0.08270
0.08873
0.12130
0.12352
0.07373
0.07264
0.12801
0.13771
0.11970
0.10078
0.11385
0.12090
0.14822
0.18098
0.19181
0.17570
0.14784
0.11408
0.08001
0.07674
0.11070
0.11650
0.06910
0.04852
0.05435
0.07417
0.11329
0.17530
0.20094
0.14986
0.07501
0.07354
0.16811
0.19202
0.13464
0.08591
0.03245
0.09227
0.17821
0.23827
0.28049
0.24640
0.13955
0.06227
0.16132
0.27438
0.30796
0.25839
0.20292
0.15595
0.23119
0.30577
0.31168
0.28491
0.25636
0.26494
0.36585
0.43888
0.44464
0.40723
0.31577
0.21257
0.13130
0.12149
0.21699
0.29647
0.30635
0.22515
0.12116
0.11392
0.11093
0.13377
0.25930
0.29884
0.21069
0.22405
0.29168
0.36588
0.38604
0.28369
0.13521
0.01289
0.09478
0.17080
0.19414
0.20139
0.18406
0.16524
0.17453
0.18710
0.19248
0.20167
0.21316
0.19899
0.17113
0.15871
0.18486
0.23690
0.23118
0.19134
0.12031
0.04719
0.12425
0.21187
0.27124
0.30336
0.24785
0.15509
0.09159
0.07589
0.22890
0.34552
0.31657
0.22159
0.16194
0.08593
0.07013
0.17372
0.18153
0.09951
0.05151
0.11129
0.13114
0.14173
0.14933
0.13250
0.18139
0.23829
0.31751
0.37065
0.40839
0.39872
0.33284
0.19104
0.12502
0.19875
0.26720
0.24450
0.16171
0.12224
0.10397
0.12520
0.15803
0.19433
0.26048
0.35630
0.37741
0.26206
0.13726
0.19936
0.18359
0.14225
0.15420
0.12969
0.14191
0.14695
0.14100
0.10042
0.06424
0.08046
0.08948
0.13078
0.15258
0.11346
0.10630
0.10249
0.09830
0.13067
0.12300
0.11151
0.10599
0.07362
0.07788
0.10195
0.06339
0.06984
0.13751
0.15670
0.12569
0.10256
0.09764
0.09582
0.06368
0.02874
0.07450
0.12299
0.17704
0.25697
0.21781
0.10509
0.12465
0.18291
0.29523
0.38067
0.39118
0.31415
0.23111
0.17834
0.17235
0.14269
0.12570
0.12836
0.12729
0.07804
0.09683
0.11189
0.11614
0.16012
0.19104
0.19731
0.20649
0.22004
0.18432
0.10786
0.04227
0.06966
0.10796
0.13099
0.13485
0.15970
0.17416
0.14100
0.09568
0.07143
0.06851
0.10163
0.13528
0.15453
0.13607
0.12073
0.09293
0.08079
0.04088
0.05996
0.08690
0.11071
0.12393
0.11539
0.09921
0.12518
0.12126
0.06136
0.06822
0.10884
0.12002
0.12919
0.09749
0.12461
0.20165
0.22479
0.20440
0.17194
0.13614
0.09502
0.06565
0.11137
0.22201
0.28487
0.30469
0.28822
0.27797
0.25583
0.23748
0.21819
0.18248
0.18509
0.20564
0.21409
0.23097
0.24132
0.22956
0.22726
0.25837
0.30934
0.34714
0.38230
0.41968
0.42927
0.36176
0.21946
0.10538
0.13159
0.19261
0.23806
0.25653
0.23913
0.24041
0.22160
0.19148
0.18448
0.16574
0.14953
0.13682
0.11095
0.11222
0.07542
0.05766
0.08224
0.08157
0.07216
0.08585
0.09436
0.13066
0.14974
0.12406
0.11305
0.17066
0.17390
0.15448
0.14020
0.14236
0.14770
0.16876
0.18854
0.16625
0.13063
0.07492
0.20000
0.27363
0.25803
0.20668
0.18615
0.21763
0.21029
0.22045
0.23749
0.24159
0.20497
0.12445
0.10748
0.15849
0.19375
0.20969
0.16764
0.11550
0.07740
0.06418
0.04889
0.04198
0.03051
0.01873
0.02279
0.03801
0.04763
0.05408
0.09273
0.05985
0.04666
0.05347
0.05179
0.04785
0.02088
0.01697
0.04153
0.06529
0.10113
0.15890
0.18763
0.18784
0.19451
0.20814
0.20243
0.18797
0.15176
0.06636
0.06670
0.10749
0.11724
0.14864
0.15537
0.13823
0.15664
0.18239
0.15910
0.11322
0.12911
0.12397
0.07636
0.10112
0.11284
0.10133
0.08879
0.07054
0.03612
0.07796
0.07400
0.09647
0.11595
0.08918
0.03464
0.01444
0.03906
0.04438
0.04873
0.05456
0.07821
0.11515
0.08966
0.06581
0.04708
0.01639
0.05570
0.11947
0.17417
0.18402
0.13329
0.06234
0.06350
0.08918
0.09288
0.08849
0.10730
0.12955
0.13070
0.11088
0.08932
0.08911
0.09854
0.03643
0.04795
0.03399
0.02843
0.01474
0.03876
0.07733
0.06111
0.05768
0.05888
0.05532
0.06666
0.06496
0.05438
0.08331
0.11517
0.13347
0.12718
0.37461
0.21761
0.25864
0.28351
0.08301
0.31954
0.24683
0.11801
0.21088