1462027339895|-3.16|1.83|-1.55
1462027339915|-3.05|1.85|-1.50
1462027339953|-2.78|1.76|-1.41
1462027339957|-2.38|1.82|-1.26
1462027339977|-2.05|1.72|-1.20
1462027339998|-1.90|1.63|-1.19
1462027340020|-1.76|1.47|-1.16
1462027340041|-1.51|1.27|-0.99
1462027340063|-1.22|1.09|-0.73
1462027340085|-1.02|0.89|-0.52
1462027340105|-1.02|0.77|-0.42
1462027340127|-0.92|0.61|-0.48
1462027340151|-0.64|0.61|-0.35
1462027340169|-0.40|0.79|-0.15
1462027340191|-0.26|0.83|0.03
1462027340212|-0.16|0.80|0.05
1462027340233|-0.13|0.90|-0.06
1462027340255|-0.22|1.02|-0.21
1462027340276|-0.27|1.05|-0.27
1462027340297|-0.30|0.94|-0.21
1462027340319|-0.25|0.92|-0.07
1462027340341|-0.10|0.89|0.04
1462027340361|0.03|0.81|0.15
1462027340383|0.01|0.79|0.24
1462027340404|0.01|0.80|0.25
1462027340425|0.06|0.80|0.30
1462027340446|0.17|0.75|0.50
1462027340469|0.37|0.50|0.80
1462027340490|0.53|0.18|0.95
1462027340512|0.65|-0.09|0.94
1462027340534|0.79|-0.26|0.85
1462027340554|0.93|-0.38|0.90
1462027340578|1.02|-0.58|1.07
1462027340600|1.04|-0.75|1.11
1462027340618|0.98|-0.82|0.93
1462027340639|0.99|-0.82|0.61
1462027340661|1.04|-0.72|0.32
1462027340682|1.09|-0.63|0.13
1462027340703|0.99|-0.57|-0.00
1462027340726|0.79|-0.53|-0.13
1462027340745|0.61|-0.46|-0.26
1462027340768|0.53|-0.32|-0.40
1462027340789|0.47|-0.20|-0.58
1462027340809|0.37|-0.09|-0.72
1462027340830|0.21|-0.01|-0.75
1462027340854|-0.00|0.08|-0.70
1462027340874|-0.21|0.17|-0.66
1462027340894|-0.23|0.35|-0.73
1462027340916|-0.12|0.56|-0.89
1462027340936|-0.15|0.75|-1.03
1462027340957|-0.37|0.89|-0.97
1462027340981|-0.54|0.95|-0.78
1462027341000|-0.56|1.03|-0.58
1462027341022|-0.56|1.14|-0.46
1462027341044|-0.70|1.14|-0.32
1462027341068|-0.91|1.05|-0.09
1462027341085|-1.06|0.87|0.22
1462027341109|-0.99|0.59|0.44
1462027341129|-0.80|0.36|0.56
1462027341151|-0.83|0.23|0.52
1462027341174|-1.18|0.21|0.41
1462027341193|-1.60|0.27|0.46
1462027341216|-1.52|0.09|0.72
1462027341236|-1.15|-0.19|1.07
1462027341257|-0.77|-0.54|1.23
1462027341279|-0.67|-0.79|1.04
1462027341304|-0.87|-0.85|0.52
1462027341322|-1.05|-0.75|0.02
1462027341343|-1.00|-0.69|-0.34
1462027341368|-0.76|-0.70|-0.64
1462027341387|-0.58|-0.69|-0.94
1462027341408|-0.35|-0.65|-1.15
1462027341431|-0.08|-0.64|-0.94
1462027341450|0.31|-0.71|-0.47
1462027341472|0.64|-0.82|0.18
1462027341497|0.94|-0.93|0.72
1462027341516|1.16|-1.10|0.79
1462027341535|1.08|-0.97|0.42
1462027341557|0.95|-0.75|-0.28
1462027341578|0.80|-0.60|-0.85
1462027341601|0.60|-0.48|-1.21
1462027341620|0.39|-0.31|-1.37
1462027341640|0.21|-0.16|-1.43
1462027341662|-0.01|-0.03|-1.35
1462027341686|-0.24|0.07|-1.13
1462027341706|-0.41|0.15|-0.83
1462027341727|-0.46|0.24|-0.44
1462027341748|-0.48|0.29|-0.14
1462027341769|-0.56|0.36|0.04
1462027341789|-0.59|0.48|0.24
1462027341817|-0.46|0.57|0.43
1462027341820|-0.36|0.64|0.58
1462027341835|-0.30|0.76|0.78
1462027341857|-0.29|0.88|0.96
1462027341877|-0.38|1.00|1.12
1462027341897|-0.37|1.08|1.32
1462027341921|-0.02|1.03|1.54
1462027341940|0.56|0.81|1.72
1462027341960|1.05|0.36|1.75
1462027341981|1.14|-0.13|1.66
1462027342004|0.84|-0.64|1.45
1462027342024|0.55|-1.00|1.10
1462027342046|0.49|-1.12|0.61
1462027342068|0.70|-0.98|0.06
1462027342088|1.07|-0.76|-0.32
1462027342110|1.33|-0.65|-0.51
1462027342133|1.21|-0.60|-0.60
1462027342153|0.82|-0.56|-0.59
1462027342174|0.35|-0.51|-0.55
1462027342196|0.01|-0.41|-0.62
1462027342217|-0.17|-0.18|-0.85
1462027342241|-0.20|0.10|-1.12
1462027342260|-0.17|0.35|-1.26
1462027342279|-0.12|0.51|-1.24
1462027342302|-0.14|0.58|-1.09
1462027342326|-0.19|0.57|-0.90
1462027342348|-0.23|0.58|-0.73
1462027342366|-0.19|0.63|-0.57
1462027342387|-0.12|0.67|-0.41
1462027342408|-0.16|0.75|-0.35
1462027342429|-0.28|0.87|-0.40
1462027342456|-0.40|1.01|-0.39
1462027342475|-0.50|1.09|-0.19
1462027342494|-0.64|1.09|0.20
1462027342516|-0.80|1.01|0.65
1462027342538|-0.83|0.89|0.89
1462027342559|-0.98|0.87|0.79
1462027342580|-1.19|0.85|0.54
1462027342601|-1.37|0.80|0.35
1462027342622|-1.25|0.62|0.31
1462027342645|-0.89|0.35|0.51
1462027342666|-0.42|0.02|0.83
1462027342684|-0.03|-0.32|1.04
1462027342707|0.12|-0.59|0.89
1462027342729|0.14|-0.72|0.54
1462027342749|0.17|-0.77|0.15
1462027342773|0.25|-0.80|-0.17
1462027342794|0.41|-0.81|-0.41
1462027342816|0.64|-0.77|-0.57
1462027342837|0.81|-0.70|-0.60
1462027342858|0.80|-0.70|-0.46
1462027342878|0.56|-0.78|-0.19
1462027342900|0.26|-0.83|0.03
1462027342921|0.04|-0.83|0.09
1462027342942|-0.03|-0.71|0.04
1462027342964|0.09|-0.52|-0.01
1462027342986|0.17|-0.31|-0.02
1462027343005|0.13|-0.14|-0.07
1462027343029|0.01|0.01|-0.07
1462027343047|-0.07|0.13|0.01
1462027343069|-0.06|0.30|0.09
1462027343095|-0.03|0.50|0.02
1462027343114|-0.03|0.68|-0.12
1462027343135|-0.04|0.83|-0.26
1462027343157|-0.11|0.88|-0.27
1462027343177|-0.24|0.85|-0.13
1462027343200|-0.28|0.77|0.07
1462027343221|-0.21|0.73|0.29
1462027343243|-0.19|0.79|0.46
1462027343264|-0.33|0.82|0.47
1462027343284|-0.43|0.82|0.41
1462027343305|-0.32|0.65|0.48
1462027343326|-0.07|0.32|0.74
1462027343351|0.11|-0.14|1.05
1462027343371|-0.02|-0.49|1.19
1462027343390|-0.37|-0.74|1.00
1462027343418|-0.65|-0.92|0.67
1462027343423|-0.87|-1.05|0.42
1462027343436|-0.96|-1.08|0.16
1462027343456|-0.89|-1.02|0.07
1462027343479|-0.73|-0.92|0.12
1462027343499|-0.64|-0.82|0.21
1462027343520|-0.77|-0.81|0.30
1462027343543|-1.13|-0.96|0.31
1462027343564|-1.50|-1.08|0.25
1462027343585|-1.60|-1.18|0.19
1462027343607|-1.34|-1.24|0.21
1462027343628|-0.95|-1.25|0.25
1462027343650|-0.61|-1.25|0.24
1462027343670|-0.37|-1.27|0.25
1462027343692|-0.13|-1.29|0.38
1462027343714|0.19|-1.28|0.53
1462027343736|0.54|-1.26|0.50
1462027343758|0.59|-1.05|0.25
1462027343778|0.28|-0.52|0.06
1462027343799|-0.19|0.29|0.04
1462027343819|-0.54|1.01|0.11
1462027343842|-0.72|1.57|0.23
1462027343864|-0.67|1.90|0.59
1462027343886|-0.41|2.01|1.19
1462027343906|-0.09|1.74|1.86
1462027343929|0.05|1.26|2.09
1462027343954|0.12|0.81|1.63
1462027343969|0.38|0.58|0.88
1462027343991|0.83|0.53|0.20
1462027344010|1.28|0.47|-0.19
1462027344038|1.44|0.35|-0.44
1462027344055|1.18|0.28|-0.58
1462027344075|0.83|0.25|-0.62
1462027344097|0.66|0.28|-0.66
1462027344122|0.61|0.43|-0.77
1462027344138|0.50|0.68|-0.94
1462027344159|0.28|0.95|-0.86
1462027344183|0.10|1.11|-0.49
1462027344203|0.01|1.16|-0.04
1462027344225|-0.00|1.26|0.15
1462027344249|0.07|1.40|0.04
1462027344274|0.11|1.42|0.04
1462027344288|0.14|1.20|0.38
1462027344309|0.19|0.84|0.93
1462027344329|0.35|0.44|1.26
1462027344351|0.61|0.20|1.14
1462027344375|0.78|0.22|0.73
1462027344395|0.82|0.27|0.27
1462027344415|0.76|0.15|-0.07
1462027344437|0.65|0.04|-0.39
1462027344458|0.61|0.07|-0.65
1462027344479|0.68|0.16|-0.80
1462027344504|0.60|0.17|-0.84
1462027344527|0.30|0.09|-0.88
1462027344548|-0.02|-0.01|-0.94
1462027344567|-0.23|-0.04|-1.04
1462027344588|-0.23|0.01|-1.09
1462027344610|-0.07|0.05|-1.07
1462027344632|-0.06|0.07|-1.04
1462027344654|-0.24|0.05|-1.06
1462027344673|-0.43|0.00|-1.04
1462027344695|-0.47|-0.08|-1.09
1462027344715|-0.37|-0.11|-1.24
1462027344736|-0.19|-0.05|-1.38
1462027344759|0.01|0.04|-1.38
1462027344780|0.13|0.13|-1.35
1462027344798|0.01|0.27|-1.16
1462027344820|-0.13|0.35|-0.66
1462027344841|-0.17|0.36|0.10
1462027344864|-0.15|0.37|0.95
1462027344886|-0.03|0.35|1.57
1462027344905|-0.08|0.44|1.73
1462027344927|-0.30|0.60|1.56
1462027344949|-0.51|0.76|1.39
1462027344971|-0.48|0.71|1.41
1462027344993|-0.32|0.48|1.46
1462027345013|-0.27|0.19|1.32
1462027345033|-0.41|-0.06|0.95
1462027345054|-0.61|-0.22|0.49
1462027345077|-0.76|-0.32|0.16
1462027345097|-0.73|-0.41|-0.01
1462027345118|-0.50|-0.49|-0.03
1462027345141|-0.24|-0.57|0.01
1462027345162|0.06|-0.64|-0.01
1462027345184|0.27|-0.63|-0.18
1462027345208|0.36|-0.62|-0.25
1462027345228|0.37|-0.63|-0.20
1462027345246|0.35|-0.64|-0.18
1462027345269|0.46|-0.60|-0.26
1462027345290|0.61|-0.46|-0.51
1462027345311|0.75|-0.24|-0.83
1462027345335|0.86|-0.05|-1.02
1462027345355|0.83|0.05|-1.04
1462027345376|0.65|0.16|-0.85
1462027345399|0.51|0.27|-0.54
1462027345419|0.44|0.39|-0.26
1462027345438|0.39|0.41|-0.08
1462027345462|0.33|0.40|0.06
1462027345482|0.24|0.39|0.26
1462027345503|0.17|0.34|0.52
1462027345528|0.05|0.25|0.81
1462027345548|-0.03|0.16|1.00
1462027345568|-0.17|0.14|1.11
1462027345589|-0.23|0.10|1.14
1462027345611|-0.11|0.10|1.01
1462027345632|0.12|0.13|0.73
1462027345655|0.45|0.29|0.51
1462027345673|0.67|0.45|0.56
1462027345695|0.65|0.36|0.89
1462027345720|0.27|0.01|1.34
1462027345739|-0.17|-0.32|1.60
1462027345758|-0.35|-0.50|1.49
1462027345781|-0.20|-0.48|1.04
1462027345801|0.09|-0.36|0.42
1462027345822|0.33|-0.23|-0.21
1462027345846|0.40|-0.15|-0.65
1462027345867|0.37|-0.19|-0.85
1462027345886|0.30|-0.24|-1.01
1462027345908|0.23|-0.24|-1.28
1462027345929|0.17|-0.21|-1.63
1462027345950|0.07|-0.20|-1.88
1462027345975|-0.07|-0.26|-1.81
1462027345995|-0.18|-0.38|-1.38
1462027346016|-0.25|-0.44|-0.87
1462027346039|-0.22|-0.38|-0.51
1462027346057|-0.18|-0.24|-0.36
1462027346079|-0.24|-0.03|-0.35
1462027346103|-0.36|0.22|-0.28
1462027346124|-0.39|0.41|-0.04
1462027346146|-0.23|0.55|0.31
1462027346168|0.09|0.69|0.66
1462027346189|0.36|0.81|0.88
1462027346210|0.29|0.95|0.90
1462027346231|-0.00|1.03|0.86
1462027346252|-0.32|1.11|0.87
1462027346275|-0.40|1.14|0.99
1462027346296|-0.31|1.06|1.14
1462027346317|-0.33|0.87|1.21
1462027346342|-0.47|0.58|1.18
1462027346362|-0.59|0.17|1.00
1462027346381|-0.67|-0.24|0.64
1462027346403|-0.72|-0.57|0.21
1462027346426|-0.65|-0.78|-0.22
1462027346445|-0.50|-0.92|-0.65
1462027346468|-0.35|-1.03|-1.05
1462027346490|-0.19|-1.08|-1.33
1462027346510|-0.02|-1.09|-1.35
1462027346534|0.18|-1.13|-0.86
1462027346556|0.31|-1.20|-0.26
1462027346577|0.30|-1.26|0.21
1462027346598|0.30|-1.21|0.31
1462027346619|0.33|-1.07|0.19
1462027346644|0.36|-0.90|0.05
1462027346661|0.34|-0.70|-0.03
1462027346685|0.35|-0.43|-0.08
1462027346703|0.34|-0.16|-0.16
1462027346725|0.32|0.09|-0.27
1462027346747|0.30|0.28|-0.35
1462027346767|0.29|0.45|-0.35
1462027346788|0.30|0.58|-0.22
1462027346812|0.32|0.65|-0.02
1462027346832|0.30|0.67|0.17
1462027346855|0.28|0.63|0.30
1462027346880|0.29|0.57|0.40
1462027346896|0.29|0.48|0.47
1462027346918|0.30|0.41|0.52
1462027346940|0.21|0.42|0.55
1462027346961|0.14|0.44|0.52
1462027346981|0.12|0.42|0.46
1462027347005|0.24|0.42|0.60
1462027347028|0.55|0.26|0.95
1462027347048|0.75|-0.06|1.28
1462027347074|0.41|-0.45|1.56
1462027347094|0.07|-0.85|1.74
1462027347112|-0.06|-1.09|1.71
1462027347133|-0.07|-1.06|1.28
1462027347155|-0.06|-0.93|0.64
1462027347176|-0.13|-0.81|-0.12
1462027347199|-0.31|-0.68|-0.81
1462027347220|-0.50|-0.54|-1.23
1462027347239|-0.56|-0.42|-1.34
1462027347262|-0.58|-0.30|-1.30
1462027347282|-0.60|-0.26|-1.30
1462027347303|-0.66|-0.22|-1.31
1462027347324|-0.60|-0.16|-1.25
1462027347346|-0.42|-0.11|-1.08
1462027347367|-0.26|-0.07|-0.89
1462027347391|-0.22|0.01|-0.77
1462027347411|-0.26|0.13|-0.71
1462027347434|-0.24|0.26|-0.67
1462027347454|-0.20|0.40|-0.56
1462027347472|-0.18|0.55|-0.46
1462027347494|-0.29|0.69|-0.31
1462027347516|-0.42|0.79|-0.14
1462027347538|-0.49|0.84|0.07
1462027347557|-0.46|0.85|0.34
1462027347579|-0.40|0.89|0.62
1462027347600|-0.41|0.88|0.80
1462027347623|-0.34|0.73|0.83
1462027347644|-0.17|0.59|0.90
1462027347666|-0.07|0.36|1.11
1462027347685|-0.09|-0.11|1.41
1462027347707|-0.33|-0.66|1.59
1462027347728|-0.57|-1.08|1.48
1462027347749|-0.68|-1.23|1.27
1462027347772|-0.50|-1.19|0.83
1462027347792|-0.29|-0.99|0.34
1462027347815|-0.01|-0.78|-0.14
1462027347836|0.30|-0.64|-0.49
1462027347857|0.51|-0.55|-0.50
1462027347876|0.69|-0.54|-0.23
1462027347899|0.80|-0.58|0.15
1462027347920|0.76|-0.62|0.30
1462027347942|0.58|-0.59|0.19
1462027347963|0.41|-0.51|-0.16
1462027347984|0.31|-0.34|-0.53
1462027348006|0.25|-0.18|-0.86
1462027348028|0.13|-0.00|-0.97
1462027348049|0.01|0.14|-0.87
1462027348070|-0.08|0.33|-0.64
1462027348091|-0.03|0.53|-0.44
1462027348112|0.07|0.75|-0.32
1462027348133|0.12|0.92|-0.33
1462027348156|0.00|0.98|-0.28
1462027348177|-0.05|0.92|-0.11
1462027348197|-0.00|0.86|0.10
1462027348222|0.17|0.79|0.30
1462027348239|0.28|0.76|0.46
1462027348261|0.26|0.76|0.58
1462027348282|0.25|0.75|0.63
1462027348304|0.36|0.79|0.64
1462027348324|0.72|0.75|0.72
1462027348345|1.24|0.57|1.04
1462027348367|1.49|0.24|1.48
1462027348386|1.28|-0.13|1.84
1462027348410|0.80|-0.45|1.87
1462027348431|0.35|-0.50|1.39
1462027348454|0.19|-0.39|0.71
1462027348474|0.31|-0.25|0.04
1462027348495|0.46|-0.17|-0.48
1462027348515|0.46|-0.11|-0.82
1462027348536|0.29|-0.12|-1.01
1462027348558|0.09|-0.13|-1.10
1462027348580|-0.08|-0.12|-1.12
1462027348600|-0.20|-0.09|-1.15
1462027348620|-0.31|-0.06|-1.27
1462027348643|-0.38|0.00|-1.39
1462027348663|-0.35|0.06|-1.45
1462027348693|-0.25|0.10|-1.39
1462027348706|-0.14|0.10|-1.24
1462027348728|-0.09|0.01|-1.07
1462027348749|-0.08|-0.11|-0.93
1462027348770|-0.09|-0.10|-0.80
1462027348793|0.06|-0.03|-0.72
1462027348813|0.31|0.13|-0.76
1462027348834|0.53|0.41|-0.95
1462027348857|0.54|0.72|-0.95
1462027348877|0.45|0.72|-0.49
1462027348900|0.18|0.55|0.22
1462027348920|-0.13|0.49|0.68
1462027348945|-0.16|0.43|0.85
1462027348963|0.20|0.49|0.96
1462027348987|0.54|0.32|1.17
1462027349007|0.65|-0.03|1.26
1462027349028|0.43|-0.31|1.07
1462027349049|0.12|-0.45|0.73
1462027349069|-0.14|-0.52|0.50
1462027349094|-0.31|-0.56|0.43
1462027349116|-0.34|-0.59|0.52
1462027349137|-0.32|-0.67|0.58
1462027349155|-0.34|-0.66|0.55
1462027349178|-0.27|-0.56|0.44
1462027349200|-0.11|-0.53|0.28
1462027349219|-0.13|-0.48|0.03
1462027349241|-0.24|-0.44|-0.20
1462027349265|-0.30|-0.33|-0.35
1462027349287|-0.29|-0.19|-0.43
1462027349306|-0.13|-0.05|-0.49
1462027349326|-0.03|0.06|-0.54
1462027349348|-0.15|0.15|-0.45
1462027349372|-0.24|0.19|-0.34
1462027349390|-0.20|0.30|-0.40
1462027349414|-0.04|0.53|-0.54
1462027349436|0.05|0.67|-0.50
1462027349454|0.02|0.67|-0.27
1462027349475|-0.08|0.55|0.15
1462027349497|-0.16|0.41|0.48
1462027349518|-0.11|0.36|0.57
1462027349539|0.04|0.35|0.48
1462027349563|0.13|0.38|0.44
1462027349584|0.21|0.30|0.49
1462027349605|0.28|0.16|0.59
1462027349628|0.46|0.08|0.82
1462027349650|0.86|0.04|1.20
1462027349668|1.24|-0.06|1.63
1462027349691|1.31|-0.36|1.87
1462027349712|1.05|-0.63|1.69
1462027349744|0.72|-0.71|1.17
1462027349755|0.63|-0.61|0.48
1462027349775|0.83|-0.41|-0.03
1462027349795|1.03|-0.31|-0.19
1462027349818|0.97|-0.35|-0.19
1462027349839|0.66|-0.46|-0.21
1462027349860|0.30|-0.45|-0.28
1462027349884|0.33|-0.37|-0.45
1462027349904|0.41|-0.29|-0.78
1462027349928|0.27|-0.22|-1.15
1462027349951|-0.09|-0.23|-1.34
1462027349973|-0.41|-0.19|-1.28
1462027349993|-0.52|-0.13|-1.12
1462027350014|-0.54|0.03|-0.96
1462027350032|-0.57|0.19|-0.82
1462027350053|-0.67|0.38|-0.66
1462027350075|-0.74|0.55|-0.49
1462027350096|-0.71|0.68|-0.31
1462027350117|-0.53|0.80|-0.11
1462027350140|-0.35|0.88|0.08
1462027350161|-0.33|0.90|0.18
1462027350181|-0.49|0.97|0.24
1462027350204|-0.37|0.93|0.40
1462027350227|-0.01|0.82|0.76
1462027350246|0.38|0.53|1.31
1462027350267|0.56|0.05|1.76
1462027350288|0.48|-0.37|1.86
1462027350309|0.26|-0.70|1.43
1462027350333|0.03|-0.85|0.81
1462027350353|-0.13|-0.90|0.18
1462027350374|-0.11|-0.95|-0.17
1462027350397|0.07|-0.96|-0.15
1462027350417|0.26|-0.94|0.14
1462027350438|0.30|-0.90|0.46
1462027350460|0.13|-0.83|0.40
1462027350484|-0.04|-0.59|0.06
1462027350502|-0.09|-0.36|-0.30
1462027350525|-0.12|-0.21|-0.38
1462027350546|-0.15|-0.13|-0.30
1462027350567|-0.15|-0.05|-0.27
1462027350589|-0.02|0.08|-0.43
1462027350610|0.08|0.23|-0.76
1462027350630|0.06|0.35|-1.03
1462027350656|-0.04|0.41|-1.01
1462027350678|-0.15|0.41|-0.75
1462027350696|-0.17|0.45|-0.49
1462027350717|-0.15|0.49|-0.43
1462027350738|-0.17|0.50|-0.40
1462027350759|-0.30|0.46|-0.21
1462027350783|-0.34|0.45|0.18
1462027350805|-0.21|0.60|0.68
1462027350823|0.22|0.75|1.07
1462027350846|0.77|0.85|1.08
1462027350867|1.10|0.83|0.80
1462027350886|1.12|0.57|0.49
1462027350910|1.09|0.30|0.32
1462027350931|1.10|0.05|0.31
1462027350955|1.07|-0.25|0.31
1462027350978|0.93|-0.49|0.22
1462027351000|0.75|-0.71|0.05
1462027351018|0.59|-0.85|-0.05
1462027351039|0.50|-0.85|-0.01
1462027351057|0.34|-0.82|0.04
1462027351078|0.11|-0.76|0.10
1462027351102|-0.21|-0.75|0.08
1462027351123|-0.66|-0.72|-0.17
1462027351142|-1.05|-0.64|-0.55
1462027351165|-1.20|-0.38|-0.92
1462027351185|-1.15|-0.15|-1.10
1462027351206|-1.19|-0.02|-1.09
1462027351231|-1.39|0.04|-0.88
1462027351251|-1.41|0.12|-0.56
1462027351272|-1.23|0.21|-0.24
1462027351295|-1.00|0.29|-0.02
1462027351317|-0.88|0.38|0.21
1462027351334|-0.84|0.45|0.58
1462027351357|-0.78|0.45|0.97
1462027351378|-0.62|0.47|1.17
1462027351399|-0.15|0.50|1.12
1462027351420|0.50|0.57|0.90
1462027351440|0.72|0.54|0.69
1462027351462|0.39|0.49|0.53
1462027351486|-0.01|0.34|0.34
1462027351504|-0.19|0.27|0.16
1462027351525|0.04|0.03|0.26
1462027351548|0.09|-0.31|0.67
1462027351568|-0.10|-0.69|1.17
1462027351590|-0.11|-0.91|1.37
1462027351612|0.27|-0.85|1.12
1462027351636|0.62|-0.85|0.81
1462027351656|0.66|-0.98|0.60
1462027351678|0.47|-1.04|0.54
1462027351698|0.45|-0.96|0.49
1462027351720|0.65|-0.83|0.38
1462027351740|0.83|-0.67|0.15
1462027351760|0.93|-0.51|-0.20
1462027351782|0.83|-0.40|-0.58
1462027351806|0.67|-0.30|-0.91
1462027351824|0.55|-0.18|-1.16
1462027351844|0.47|0.00|-1.32
1462027351868|0.38|0.14|-1.35
1462027351891|0.19|0.25|-1.27
1462027351915|0.01|0.36|-1.08
1462027351930|-0.08|0.41|-0.78
1462027351952|-0.15|0.41|-0.44
1462027351973|-0.16|0.40|-0.01
1462027351995|-0.10|0.38|0.46
1462027352015|-0.08|0.34|0.90
1462027352036|-0.24|0.31|1.01
1462027352060|-0.42|0.26|0.85
1462027352078|-0.30|0.18|0.74
1462027352100|-0.03|0.12|0.86
1462027352122|0.12|-0.04|1.16
1462027352143|0.10|-0.23|1.51
1462027352164|0.12|-0.38|1.75
1462027352187|0.18|-0.60|1.84
1462027352208|0.28|-0.81|1.68
1462027352228|0.48|-0.78|1.12
1462027352251|0.63|-0.55|0.37
1462027352274|0.73|-0.22|-0.33
1462027352295|0.76|0.05|-0.75
1462027352315|0.65|0.15|-0.81
1462027352335|0.44|0.16|-0.81
1462027352357|0.18|0.10|-0.89
1462027352379|-0.06|0.06|-1.00
1462027352399|-0.13|0.05|-1.10
1462027352423|-0.03|0.05|-1.20
1462027352444|0.10|0.05|-1.30
1462027352463|0.06|0.01|-1.31
1462027352485|-0.25|-0.11|-1.16
1462027352506|-0.61|-0.16|-0.94
1462027352526|-0.74|-0.12|-0.80
1462027352548|-0.65|0.04|-0.79
1462027352569|-0.63|0.24|-0.77
1462027352590|-0.83|0.32|-0.51
1462027352612|-1.02|0.30|-0.12
1462027352633|-1.07|0.32|0.21
1462027352653|-0.88|0.35|0.41
1462027352675|-0.81|0.32|0.67
1462027352696|-1.01|0.17|0.99
1462027352716|-1.29|0.08|1.32
1462027352739|-1.22|0.08|1.55
1462027352761|-0.75|0.25|1.58
1462027352782|-0.27|0.45|1.54
1462027352802|0.00|0.55|1.57
1462027352826|0.19|0.58|1.79
1462027352847|0.43|0.52|1.98
1462027352867|0.63|0.31|1.72
1462027352890|0.54|0.20|1.05
1462027352910|0.27|0.14|0.07
1462027352933|-0.06|0.14|-0.78
1462027352954|-0.25|0.10|-1.16
1462027352975|-0.27|0.08|-1.16
1462027352996|-0.06|0.03|-0.92
1462027353018|0.31|-0.06|-0.69
1462027353038|0.52|-0.18|-0.63
1462027353058|0.43|-0.24|-0.87
1462027353081|0.15|-0.28|-1.24
1462027353102|-0.19|-0.30|-1.50
1462027353123|-0.41|-0.30|-1.57
1462027353145|-0.55|-0.27|-1.49
1462027353167|-0.65|-0.16|-1.35
1462027353187|-0.72|-0.02|-1.09
1462027353211|-0.73|0.06|-0.74
1462027353231|-0.66|0.14|-0.38
1462027353253|-0.56|0.28|-0.18
1462027353275|-0.41|0.43|-0.08
1462027353295|-0.24|0.54|-0.02
1462027353315|-0.11|0.62|0.09
1462027353338|-0.03|0.61|0.32
1462027353359|-0.05|0.50|0.55
1462027353379|-0.15|0.40|0.71
1462027353403|-0.25|0.39|0.77
1462027353422|-0.21|0.37|0.76
1462027353444|-0.01|0.30|0.60
1462027353467|0.11|0.14|0.47
1462027353488|0.06|-0.07|0.59
1462027353509|-0.13|-0.34|0.92
1462027353535|-0.33|-0.57|1.18
1462027353554|-0.36|-0.72|1.21
1462027353574|-0.22|-0.67|0.93
1462027353596|0.04|-0.51|0.47
1462027353617|0.23|-0.33|0.11
1462027353640|0.37|-0.19|-0.05
1462027353658|0.49|-0.11|-0.00
1462027353679|0.55|-0.10|0.08
1462027353700|0.45|-0.11|-0.07
1462027353723|0.26|-0.08|-0.36
1462027353743|0.14|-0.06|-0.62
1462027353764|0.17|-0.06|-0.74
1462027353788|0.35|-0.08|-0.75
1462027353812|0.56|-0.11|-0.77
1462027353830|0.72|-0.17|-0.89
1462027353851|0.77|-0.16|-1.04
1462027353872|0.78|-0.15|-1.09
1462027353893|0.75|-0.12|-0.98
1462027353914|0.65|-0.09|-0.81
1462027353935|0.47|0.01|-0.68
1462027353957|0.26|0.20|-0.52
1462027353980|0.16|0.40|-0.25
1462027353999|0.06|0.52|0.06
1462027354021|-0.05|0.60|0.36
1462027354043|-0.35|0.74|0.42
1462027354062|-0.76|0.95|0.33
1462027354084|-0.99|1.03|0.17
1462027354105|-0.95|0.91|0.07
1462027354127|-0.79|0.62|0.15
1462027354147|-0.62|0.29|0.54
1462027354171|-0.74|-0.25|1.07
1462027354194|-1.11|-0.72|1.43
1462027354213|-1.36|-0.98|1.55
1462027354234|-1.15|-1.04|1.39
1462027354254|-0.64|-0.99|1.05
1462027354276|-0.15|-0.86|0.62
1462027354305|0.23|-0.72|0.20
1462027354318|0.43|-0.59|-0.10
1462027354339|0.51|-0.51|-0.18
1462027354362|0.56|-0.50|-0.19
1462027354384|0.54|-0.48|-0.32
1462027354406|0.41|-0.41|-0.55
1462027354429|0.26|-0.32|-0.78
1462027354447|0.12|-0.19|-0.95
1462027354467|-0.03|-0.04|-0.94
1462027354490|0.01|0.05|-0.68
1462027354513|0.09|0.14|-0.36
1462027354534|0.09|0.23|-0.16
1462027354555|-0.11|0.33|0.02
1462027354578|-0.33|0.34|0.27
1462027354595|-0.39|0.33|0.49
1462027354617|-0.18|0.41|0.49
1462027354638|0.33|0.58|0.31
1462027354660|0.87|0.77|0.14
1462027354683|1.10|0.86|0.30
1462027354702|0.98|0.78|0.55
1462027354724|0.75|0.50|0.67
1462027354749|0.61|0.44|0.52
1462027354770|0.73|0.53|0.34
1462027354789|0.97|0.55|0.42
1462027354811|0.99|0.19|0.79
1462027354833|0.63|-0.14|1.14
1462027354853|0.32|-0.41|1.29
1462027354874|0.24|-0.47|1.09
1462027354897|0.30|-0.44|0.58
1462027354918|0.35|-0.39|-0.01
1462027354940|0.27|-0.36|-0.35
1462027354958|0.09|-0.40|-0.39
1462027354980|-0.12|-0.47|-0.33
1462027355003|-0.31|-0.46|-0.29
1462027355025|-0.42|-0.40|-0.38
1462027355045|-0.45|-0.27|-0.59
1462027355067|-0.45|-0.15|-0.85
1462027355087|-0.50|-0.03|-0.97
1462027355110|-0.43|0.09|-0.91
1462027355135|-0.25|0.19|-0.78
1462027355153|-0.05|0.28|-0.78
1462027355172|-0.03|0.37|-0.86
1462027355194|-0.19|0.48|-0.75
1462027355216|-0.22|0.53|-0.44
1462027355238|-0.15|0.58|-0.11
1462027355258|0.02|0.67|0.14
1462027355280|0.20|0.72|0.35
1462027355303|0.23|0.68|0.52
1462027355324|0.02|0.65|0.57
1462027355348|-0.29|0.72|0.49
1462027355368|-0.45|0.68|0.31
1462027355388|-0.34|0.48|0.08
1462027355407|-0.17|0.18|0.05
1462027355428|-0.09|-0.24|0.37
1462027355451|-0.18|-0.71|0.78
1462027355470|-0.29|-1.03|0.76
1462027355492|-0.56|-1.04|0.47
1462027355515|-0.76|-0.93|0.19
1462027355538|-0.78|-0.88|0.23
1462027355556|-0.53|-0.81|0.51
1462027355577|-0.19|-0.67|0.70
1462027355598|0.15|-0.48|0.64
1462027355619|0.38|-0.27|0.39
1462027355643|0.41|-0.15|0.08
1462027355665|0.33|-0.10|-0.17
1462027355685|0.21|-0.08|-0.36
1462027355707|0.18|0.02|-0.49
1462027355728|0.16|0.12|-0.63
1462027355748|0.03|0.23|-0.80
1462027355769|-0.13|0.29|-0.91
1462027355789|-0.32|0.32|-0.85
1462027355810|-0.49|0.32|-0.65
1462027355831|-0.56|0.38|-0.36
1462027355853|-0.47|0.44|-0.12
1462027355876|-0.27|0.47|-0.06
1462027355897|-0.10|0.48|-0.17
1462027355915|0.05|0.47|-0.20
1462027355937|0.21|0.37|-0.00
1462027355958|0.38|0.26|0.16
1462027355979|0.48|0.28|0.11
1462027356001|0.52|0.29|-0.07
1462027356023|0.41|0.33|-0.16
1462027356042|0.25|0.24|0.04
1462027356063|0.26|0.09|0.68
1462027356086|0.59|-0.04|1.36
1462027356110|0.97|-0.24|1.67
1462027356129|0.98|-0.32|1.44
1462027356148|0.85|-0.36|1.04
1462027356170|0.71|-0.42|0.67
1462027356192|0.61|-0.41|0.38
1462027356213|0.60|-0.31|0.16
1462027356234|0.62|-0.16|-0.02
1462027356255|0.54|-0.12|-0.28
1462027356278|0.24|-0.14|-0.59
1462027356297|-0.11|-0.19|-0.88
1462027356318|-0.39|-0.16|-1.09
1462027356340|-0.48|-0.09|-1.20
1462027356363|-0.43|0.01|-1.19
1462027356381|-0.31|0.10|-1.14
1462027356403|-0.24|0.18|-1.08
1462027356423|-0.29|0.25|-0.89
1462027356446|-0.41|0.27|-0.60
1462027356467|-0.49|0.32|-0.27
1462027356489|-0.44|0.38|0.01
1462027356511|-0.32|0.49|0.05
1462027356531|-0.30|0.61|0.06
1462027356551|-0.29|0.63|0.15
1462027356574|-0.23|0.60|0.39
1462027356596|-0.06|0.51|0.63
1462027356615|-0.10|0.47|0.52
1462027356637|-0.29|0.50|0.18
1462027356659|-0.39|0.49|-0.19
1462027356679|-0.46|0.49|-0.23
1462027356700|-0.44|0.24|0.27
1462027356723|-0.46|0.01|0.94
1462027356743|-0.53|-0.23|1.36
1462027356766|-0.57|-0.38|1.26
1462027356786|-0.58|-0.35|0.75
1462027356806|-0.48|-0.31|0.16
1462027356828|-0.36|-0.33|-0.32
1462027356851|-0.31|-0.40|-0.50
1462027356872|-0.24|-0.46|-0.47
1462027356892|-0.16|-0.56|-0.32
1462027356914|-0.18|-0.60|-0.26
1462027356937|-0.18|-0.59|-0.37
1462027356956|-0.12|-0.50|-0.62
1462027356978|-0.06|-0.38|-0.87
1462027356999|0.00|-0.28|-0.98
1462027357021|0.05|-0.17|-0.92
1462027357043|0.05|-0.04|-0.82
1462027357062|0.08|0.10|-0.72
1462027357083|0.16|0.26|-0.56
1462027357105|0.23|0.40|-0.37
1462027357128|0.23|0.53|-0.23
1462027357150|0.20|0.64|-0.17
1462027357168|0.18|0.73|-0.11
1462027357188|0.15|0.76|-0.05
1462027357210|0.12|0.75|0.08
1462027357234|0.13|0.68|0.29
1462027357255|0.14|0.53|0.54
1462027357276|0.13|0.38|0.75
1462027357298|0.12|0.36|0.73
1462027357323|0.16|0.40|0.54
1462027357339|0.18|0.48|0.40
1462027357362|0.27|0.51|0.54
1462027357382|0.48|0.34|0.97
1462027357405|0.61|0.06|1.47
1462027357427|0.54|-0.25|1.63
1462027357446|0.31|-0.47|1.43
1462027357468|0.17|-0.54|0.89
1462027357490|0.19|-0.50|0.33
1462027357511|0.25|-0.45|-0.09
1462027357537|0.19|-0.42|-0.30
1462027357554|0.02|-0.44|-0.43
1462027357575|-0.20|-0.42|-0.57
1462027357596|-0.35|-0.38|-0.76
1462027357619|-0.42|-0.27|-0.97
1462027357641|-0.42|-0.15|-1.17
1462027357662|-0.45|-0.08|-1.27
1462027357683|-0.42|-0.03|-1.29
1462027357705|-0.31|0.03|-1.25
1462027357726|-0.13|0.11|-1.17
1462027357748|-0.05|0.15|-1.08
1462027357767|-0.09|0.17|-0.95
1462027357788|-0.18|0.20|-0.77
1462027357812|-0.22|0.29|-0.56
1462027357832|-0.18|0.40|-0.38
1462027357853|-0.06|0.55|-0.19
1462027357875|0.08|0.69|0.10
1462027357895|0.26|0.78|0.45
1462027357916|0.35|0.78|0.73
1462027357938|0.26|0.75|0.68
1462027357959|-0.05|0.81|0.42
1462027357980|-0.30|0.89|0.19
1462027358004|-0.34|0.83|0.34
1462027358025|-0.22|0.59|0.87
1462027358048|-0.18|0.14|1.32
1462027358071|-0.42|-0.25|1.30
1462027358091|-0.71|-0.50|0.87
1462027358111|-0.90|-0.54|0.32
1462027358133|-0.73|-0.60|-0.10
1462027358154|-0.37|-0.68|-0.21
1462027358179|0.02|-0.72|-0.10
1462027358197|0.27|-0.84|0.13
1462027358217|0.26|-1.04|0.22
1462027358239|0.01|-1.17|0.05
1462027358265|-0.19|-1.16|-0.28
1462027358284|-0.21|-1.04|-0.58
1462027358306|-0.13|-0.90|-0.77
1462027358327|-0.03|-0.75|-0.87
1462027358348|0.06|-0.58|-0.91
1462027358367|0.12|-0.40|-0.90
1462027358391|0.20|-0.24|-0.73
1462027358416|0.23|-0.10|-0.43
1462027358431|0.19|-0.02|-0.10
1462027358454|0.06|0.02|0.18
1462027358476|-0.04|0.07|0.36
1462027358495|-0.12|0.18|0.45
1462027358517|-0.17|0.31|0.45
1462027358537|-0.23|0.37|0.35
1462027358559|-0.43|0.33|0.10
1462027358583|-0.78|0.41|-0.21
1462027358604|-1.01|0.53|-0.59
1462027358626|-1.19|0.73|-0.85
1462027358647|-1.26|0.86|-0.78
1462027358667|-1.11|0.87|-0.34
1462027358688|-0.87|0.79|0.15
1462027358712|-0.55|0.65|0.55
1462027358731|-0.24|0.60|0.88
1462027358752|0.07|0.53|1.17
1462027358776|0.46|0.35|1.50
1462027358798|0.83|-0.04|1.83
1462027358816|1.06|-0.65|1.95
1462027358837|1.03|-1.08|1.64
1462027358857|0.96|-1.24|1.01
1462027358880|1.00|-1.17|0.24
1462027358902|1.23|-0.87|-0.26
1462027358921|1.51|-0.62|-0.21
1462027358943|1.60|-0.48|0.22
1462027358966|1.28|-0.42|0.67
1462027358987|0.84|-0.35|0.80
1462027359008|0.47|-0.24|0.64
1462027359033|0.21|-0.06|0.32
1462027359057|0.18|0.14|-0.06
1462027359074|0.22|0.30|-0.36
1462027359097|0.23|0.38|-0.61
1462027359118|0.24|0.36|-0.79
1462027359138|0.21|0.29|-0.85
1462027359160|0.14|0.23|-0.77
1462027359181|0.06|0.15|-0.60
1462027359204|0.03|0.12|-0.36
1462027359224|0.14|0.20|-0.13
1462027359248|0.22|0.36|-0.09
1462027359264|0.16|0.52|-0.10
1462027359288|0.04|0.63|0.07
1462027359308|-0.17|0.70|0.55
1462027359330|-0.32|0.70|0.91
1462027359352|-0.42|0.74|0.93
1462027359374|-0.54|0.82|0.69
1462027359392|-0.66|0.80|0.47
1462027359415|-0.48|0.51|0.62
1462027359435|-0.06|0.03|1.14
1462027359457|0.23|-0.45|1.53
1462027359480|0.20|-0.75|1.37
1462027359498|0.18|-0.89|0.80
1462027359520|0.25|-0.94|0.28
1462027359544|0.54|-0.98|0.31
1462027359565|0.70|-1.09|0.72
1462027359585|0.58|-1.18|1.03
1462027359608|0.28|-1.11|0.95
1462027359628|-0.01|-0.85|0.59
1462027359650|-0.05|-0.57|0.14
1462027359672|0.03|-0.35|-0.26
1462027359694|0.10|-0.11|-0.54
1462027359717|0.15|0.09|-0.64
1462027359737|0.07|0.26|-0.70
1462027359758|-0.06|0.37|-0.79
1462027359779|-0.24|0.43|-0.80
1462027359801|-0.42|0.39|-0.72
1462027359823|-0.56|0.36|-0.57
1462027359842|-0.66|0.32|-0.40
1462027359866|-0.75|0.24|-0.36
1462027359888|-0.89|0.16|-0.44
1462027359908|-1.01|0.09|-0.55
1462027359931|-1.10|-0.01|-0.61
1462027359950|-1.16|-0.11|-0.53
1462027359974|-1.13|-0.20|-0.37
1462027359994|-0.96|-0.21|-0.16
1462027360016|-0.73|-0.23|0.03
1462027360035|-0.64|-0.19|0.21
1462027360061|-0.49|-0.12|0.36
1462027360079|-0.14|0.02|0.60
1462027360102|0.36|0.02|1.08
1462027360122|0.81|-0.26|1.67
1462027360142|0.88|-0.56|1.94
1462027360164|0.75|-0.70|1.70
1462027360186|0.79|-0.68|1.03
1462027360206|0.97|-0.57|0.33
1462027360228|1.18|-0.57|0.03
1462027360251|1.20|-0.66|0.08
1462027360272|1.00|-0.74|0.35
1462027360292|0.77|-0.72|0.60
1462027360315|0.63|-0.61|0.61
1462027360335|0.40|-0.46|0.36
1462027360354|0.13|-0.32|-0.05
1462027360377|-0.07|-0.16|-0.45
1462027360398|-0.24|-0.06|-0.63
1462027360418|-0.31|-0.01|-0.62
1462027360440|-0.47|0.02|-0.53
1462027360460|-0.72|-0.01|-0.41
1462027360483|-1.01|-0.01|-0.31
1462027360505|-1.19|0.10|-0.31
1462027360525|-1.13|0.27|-0.30
1462027360550|-1.05|0.43|-0.21
1462027360568|-1.10|0.47|-0.08
1462027360588|-1.17|0.48|0.10
1462027360610|-1.14|0.49|0.16
1462027360631|-1.18|0.59|0.05
1462027360652|-1.27|0.70|-0.13
1462027360673|-1.17|0.71|-0.28
1462027360696|-0.80|0.58|-0.08
1462027360718|-0.43|0.39|0.28
1462027360738|-0.20|0.29|0.40
1462027360760|0.10|0.37|0.42
1462027360780|0.55|0.39|0.71
1462027360803|0.97|0.26|1.18
1462027360825|1.16|0.00|1.54
1462027360843|1.15|-0.20|1.59
1462027360865|1.11|-0.16|1.24
1462027360888|1.08|-0.06|0.84
1462027360908|1.02|-0.01|0.55
1462027360932|0.90|-0.08|0.29
1462027360951|0.73|-0.19|0.00
1462027360972|0.67|-0.23|-0.26
1462027360996|0.70|-0.26|-0.49
1462027361017|0.63|-0.27|-0.66
1462027361035|0.42|-0.27|-0.87
1462027361056|0.28|-0.21|-1.09
1462027361078|0.31|-0.01|-1.27
1462027361098|0.44|0.23|-1.31
1462027361120|0.54|0.40|-1.27
1462027361143|0.20|0.47|-1.39
1462027361163|-0.32|0.58|-1.63
1462027361183|-0.78|0.76|-1.80
1462027361205|-0.95|0.91|-1.78
1462027361227|-0.87|0.98|-1.51
1462027361246|-0.79|0.97|-1.09
1462027361268|-0.80|0.85|-0.58
1462027361289|-0.80|0.66|0.05
1462027361312|-0.83|0.48|0.81
1462027361336|-0.78|0.27|1.50
1462027361355|-0.63|0.05|1.93
1462027361377|-0.41|-0.11|2.15
1462027361397|-0.11|-0.28|2.33
1462027361418|0.14|-0.50|2.40
1462027361439|0.28|-0.70|2.24
1462027361462|0.39|-0.87|1.83
1462027361482|0.49|-0.91|1.33
1462027361504|0.61|-0.88|0.93
1462027361527|0.74|-0.80|0.68
1462027361547|0.88|-0.70|0.57
1462027361574|0.97|-0.58|0.44
1462027361590|0.92|-0.47|0.18
1462027361610|0.69|-0.36|-0.22
1462027361631|0.42|-0.27|-0.65
1462027361657|0.26|-0.15|-1.03
1462027361659|0.15|-0.05|-1.31
1462027361674|0.10|0.04|-1.55
1462027361695|0.08|0.14|-1.77
1462027361721|0.03|0.24|-1.85
1462027361741|0.03|0.30|-1.74
1462027361759|-0.03|0.28|-1.42
1462027361781|-0.12|0.26|-0.98
1462027361801|-0.16|0.24|-0.45
1462027361824|-0.15|0.26|0.01
1462027361845|-0.08|0.37|0.28
1462027361866|0.02|0.47|0.41
1462027361887|0.09|0.55|0.49
1462027361911|0.19|0.58|0.66
1462027361934|0.25|0.58|0.83
1462027361953|0.18|0.62|0.84
1462027361976|0.04|0.61|0.76
1462027361997|0.09|0.56|0.80
1462027362018|0.16|0.42|0.95
1462027362041|0.03|0.17|1.16
1462027362062|-0.24|-0.12|1.33
1462027362085|-0.49|-0.41|1.33
1462027362104|-0.68|-0.59|1.02
1462027362126|-0.83|-0.58|0.52
1462027362147|-0.80|-0.49|0.10
1462027362169|-0.65|-0.30|-0.06
1462027362192|-0.38|-0.14|0.01
1462027362212|-0.08|-0.10|0.11
1462027362233|0.18|-0.16|-0.03
1462027362253|0.17|-0.21|-0.34
1462027362274|0.05|-0.28|-0.73
1462027362296|-0.06|-0.28|-1.17
1462027362319|-0.09|-0.21|-1.56
1462027362339|0.00|-0.07|-1.90
1462027362361|0.04|0.10|-2.02
1462027362383|0.07|0.17|-1.97
1462027362404|0.00|0.21|-1.74
1462027362426|-0.06|0.23|-1.36
1462027362447|-0.04|0.30|-0.89
1462027362468|0.06|0.36|-0.42
1462027362490|0.12|0.39|0.01
1462027362511|0.14|0.39|0.34
1462027362531|0.13|0.42|0.60
1462027362554|0.14|0.49|0.90
1462027362573|0.04|0.58|1.08
1462027362595|-0.09|0.57|1.10
1462027362618|-0.15|0.48|1.06
1462027362637|-0.11|0.30|1.17
1462027362659|-0.05|-0.10|1.58
1462027362680|-0.13|-0.52|1.98
1462027362703|-0.18|-0.76|2.11
1462027362723|0.06|-0.83|1.79
1462027362745|0.62|-0.63|1.08
1462027362766|1.18|-0.38|0.35
1462027362788|1.54|-0.23|-0.17
1462027362809|1.65|-0.25|-0.42
1462027362832|1.46|-0.29|-0.57
1462027362852|1.11|-0.33|-0.68
1462027362874|0.72|-0.37|-0.74
1462027362895|0.43|-0.39|-0.78
1462027362914|0.22|-0.39|-0.85
1462027362938|0.09|-0.36|-0.95
1462027362957|-0.01|-0.29|-1.01
1462027362978|-0.08|-0.20|-1.12
1462027363002|-0.11|-0.07|-1.21
1462027363024|-0.13|0.06|-1.29
1462027363044|-0.22|0.21|-1.23
1462027363068|-0.40|0.30|-1.01
1462027363089|-0.63|0.35|-0.72
1462027363109|-0.85|0.39|-0.44
1462027363131|-0.93|0.50|-0.17
1462027363153|-0.79|0.65|0.15
1462027363172|-0.60|0.77|0.50
1462027363195|-0.48|0.80|0.79
1462027363215|-0.53|0.89|0.88
1462027363236|-0.59|1.06|0.87
1462027363258|-0.49|1.10|0.94
1462027363278|-0.44|1.04|1.05
1462027363302|-0.49|0.81|1.19
1462027363321|-0.59|0.45|1.21
1462027363343|-0.83|0.17|1.01
1462027363362|-1.07|-0.08|0.53
1462027363386|-1.23|-0.18|-0.00
1462027363409|-1.23|-0.22|-0.44
1462027363428|-0.99|-0.31|-0.70
1462027363449|-0.69|-0.42|-0.80
1462027363471|-0.40|-0.52|-0.75
1462027363495|-0.11|-0.58|-0.56
1462027363515|0.14|-0.59|-0.33
1462027363534|0.20|-0.55|-0.29
1462027363556|0.17|-0.47|-0.44
1462027363578|0.17|-0.37|-0.63
1462027363597|0.21|-0.29|-0.78
1462027363619|0.20|-0.17|-0.93
1462027363642|0.20|0.00|-1.11
1462027363663|0.21|0.20|-1.20
1462027363684|0.20|0.32|-1.09
1462027363707|0.11|0.39|-0.83
1462027363728|0.02|0.44|-0.51
1462027363749|0.04|0.53|-0.23
1462027363771|0.10|0.65|-0.05
1462027363794|0.14|0.74|0.11
1462027363813|0.11|0.71|0.28
1462027363834|0.04|0.54|0.47
1462027363854|-0.05|0.46|0.62
1462027363877|-0.10|0.46|0.75
1462027363898|-0.03|0.41|0.72
1462027363919|0.17|0.31|0.62
1462027363940|0.47|0.20|0.76
1462027363964|0.78|-0.10|1.15
1462027363984|0.85|-0.47|1.56
1462027364005|0.54|-0.69|1.66
1462027364027|0.34|-0.80|1.39
1462027364048|0.32|-0.73|0.88
1462027364069|0.46|-0.60|0.34
1462027364091|0.60|-0.49|-0.09
1462027364112|0.49|-0.45|-0.30
1462027364135|0.23|-0.50|-0.38
1462027364156|-0.10|-0.51|-0.51
1462027364176|-0.34|-0.48|-0.70
1462027364199|-0.44|-0.35|-0.93
1462027364220|-0.46|-0.18|-1.07
1462027364241|-0.37|-0.06|-1.11
1462027364263|-0.26|0.05|-1.05
1462027364284|-0.11|0.10|-0.83
1462027364305|0.05|0.11|-0.54
1462027364324|0.21|0.12|-0.30
1462027364347|0.31|0.18|-0.17
1462027364367|0.38|0.26|-0.17
1462027364391|0.44|0.37|-0.27
1462027364413|0.46|0.51|-0.41
1462027364431|0.46|0.65|-0.51
1462027364453|0.43|0.79|-0.48
1462027364474|0.39|0.89|-0.34
1462027364495|0.24|0.90|-0.10
1462027364519|-0.01|0.84|0.20
1462027364539|-0.37|0.84|0.37
1462027364558|-0.57|0.83|0.48
1462027364579|-0.53|0.85|0.73
1462027364607|-0.18|0.74|1.25
1462027364625|0.16|0.35|1.71
1462027364649|-0.06|-0.13|1.67
1462027364674|-0.43|-0.59|1.34
1462027364687|-0.72|-0.81|0.90
1462027364708|-0.85|-0.84|0.38
1462027364734|-0.84|-0.76|-0.11
1462027364755|-0.70|-0.68|-0.45
1462027364773|-0.47|-0.60|-0.34
1462027364803|-0.16|-0.60|0.26
1462027364814|0.06|-0.62|0.88
1462027364835|0.16|-0.69|1.19
1462027364857|0.15|-0.63|0.99
1462027364877|0.19|-0.44|0.48
1462027364899|0.38|-0.22|-0.23
1462027364922|0.54|0.04|-0.92
1462027364942|0.64|0.28|-1.48
1462027364963|0.58|0.45|-1.81
1462027364986|0.44|0.56|-1.69
1462027365007|0.33|0.60|-1.36
1462027365026|0.22|0.62|-0.99
1462027365051|0.09|0.60|-0.76
1462027365073|-0.09|0.58|-0.63
1462027365095|-0.25|0.53|-0.46
1462027365115|-0.34|0.44|-0.20
1462027365136|-0.29|0.36|0.12
1462027365155|-0.16|0.32|0.48
1462027365177|-0.09|0.28|0.71
1462027365200|-0.18|0.37|0.76
1462027365218|-0.24|0.43|0.81
1462027365241|-0.10|0.59|0.45
1462027365261|0.21|0.73|0.27
1462027365284|0.55|0.73|0.51
1462027365306|0.75|0.46|1.02
1462027365326|0.61|0.07|1.47
1462027365346|0.25|-0.28|1.53
1462027365368|0.02|-0.51|1.21
1462027365393|0.01|-0.61|0.62
1462027365412|0.14|-0.60|-0.05
1462027365432|0.27|-0.52|-0.63
1462027365453|0.32|-0.45|-0.96
1462027365477|0.32|-0.43|-1.02
1462027365497|0.28|-0.44|-0.99
1462027365517|0.22|-0.40|-0.96
1462027365538|0.13|-0.38|-0.99
1462027365562|-0.08|-0.33|-1.08
1462027365583|-0.31|-0.23|-1.14
1462027365602|-0.33|-0.10|-1.05
1462027365625|-0.24|0.03|-0.92
1462027365646|-0.22|0.14|-0.92
1462027365666|-0.29|0.24|-1.06
1462027365690|-0.29|0.35|-1.26
1462027365709|-0.23|0.48|-1.35
1462027365734|-0.24|0.69|-1.28
1462027365754|-0.29|0.71|-0.85
1462027365774|-0.44|0.57|-0.19
1462027365798|-0.55|0.41|0.41
1462027365817|-0.37|0.40|0.82
1462027365839|-0.38|0.46|0.97
1462027365861|-0.61|0.45|1.00
1462027365883|-0.73|0.45|1.16
1462027365903|-0.59|0.31|1.62
1462027365923|-0.41|0.06|2.28
1462027365945|-0.37|-0.30|2.56
1462027365966|-0.43|-0.54|2.29
1462027365986|-0.57|-0.63|1.63
1462027366008|-0.71|-0.69|0.89
1462027366030|-0.76|-0.68|0.24
1462027366050|-0.50|-0.57|-0.22
1462027366075|0.10|-0.41|-0.34
1462027366093|0.64|-0.28|-0.28
1462027366114|0.89|-0.28|-0.06
1462027366136|0.73|-0.38|0.11
1462027366158|0.45|-0.49|0.11
1462027366178|0.29|-0.47|-0.15
1462027366200|0.26|-0.33|-0.57
1462027366220|0.34|-0.18|-0.98
1462027366241|0.30|-0.06|-1.23
1462027366264|0.11|-0.02|-1.32
1462027366285|-0.15|0.00|-1.36
1462027366307|-0.34|0.13|-1.36
1462027366328|-0.44|0.32|-1.28
1462027366351|-0.41|0.43|-1.13
1462027366370|-0.40|0.52|-0.82
1462027366393|-0.41|0.59|-0.40
1462027366416|-0.44|0.69|-0.13
1462027366435|-0.48|0.76|0.07
1462027366457|-0.53|0.81|0.22
1462027366477|-0.45|0.77|0.45
1462027366498|-0.24|0.66|0.73
1462027366522|-0.16|0.59|0.84
1462027366544|-0.08|0.55|0.80
1462027366565|0.07|0.52|0.77
1462027366588|0.27|0.44|0.88
1462027366608|0.52|0.30|1.20
1462027366632|0.83|0.12|1.49
1462027366654|1.14|-0.10|1.50
1462027366672|1.25|-0.29|1.27
1462027366695|1.25|-0.36|0.73
1462027366715|1.30|-0.36|0.21
1462027366738|1.31|-0.38|-0.20
1462027366758|1.12|-0.46|-0.42
1462027366780|0.82|-0.59|-0.41
1462027366800|0.40|-0.72|-0.31
1462027366822|0.03|-0.78|-0.27
1462027366844|-0.29|-0.75|-0.42
1462027366864|-0.47|-0.63|-0.75
1462027366886|-0.53|-0.43|-1.07
1462027366908|-0.50|-0.25|-1.20
1462027366928|-0.50|-0.13|-1.15
1462027366949|-0.56|-0.03|-0.99
1462027366973|-0.63|0.04|-0.76
1462027366993|-0.66|0.13|-0.50
1462027367015|-0.60|0.24|-0.24
1462027367038|-0.57|0.38|-0.08
1462027367057|-0.54|0.54|-0.02
1462027367079|-0.49|0.66|0.06
1462027367101|-0.38|0.77|0.29
1462027367122|-0.24|0.84|0.55
1462027367142|-0.21|0.84|0.66
1462027367163|-0.42|0.90|0.45
1462027367185|-0.58|0.87|0.00
1462027367209|-0.71|0.88|-0.33
1462027367230|-0.58|0.70|-0.03
1462027367248|-0.32|0.30|0.81
1462027367269|-0.10|-0.18|1.75
1462027367295|-0.14|-0.55|2.05
1462027367315|-0.31|-0.69|1.71
1462027367334|-0.38|-0.73|1.04
1462027367356|-0.37|-0.74|0.40
1462027367378|-0.28|-0.75|0.05
1462027367398|-0.13|-0.79|0.06
1462027367422|0.08|-0.85|0.24
1462027367443|0.23|-0.84|0.32
1462027367466|0.32|-0.80|0.14
1462027367487|0.33|-0.70|-0.24
1462027367506|0.32|-0.62|-0.62
1462027367527|0.33|-0.52|-0.97
1462027367550|0.38|-0.36|-1.24
1462027367570|0.49|-0.14|-1.38
1462027367593|0.58|0.06|-1.34
1462027367615|0.55|0.20|-1.17
1462027367635|0.41|0.22|-0.95
1462027367656|0.23|0.25|-0.68
1462027367678|0.10|0.29|-0.41
1462027367698|0.06|0.39|-0.19
1462027367721|0.05|0.46|-0.03
1462027367743|-0.06|0.49|0.01
1462027367763|-0.18|0.47|0.07
1462027367784|-0.25|0.42|0.21
1462027367807|-0.21|0.36|0.43
1462027367831|-0.18|0.34|0.52
1462027367848|-0.22|0.37|0.44
1462027367871|-0.21|0.36|0.25
1462027367891|-0.03|0.41|0.20
1462027367913|0.27|0.35|0.52
1462027367933|0.43|0.08|1.34
1462027367954|0.34|-0.38|2.15
1462027367976|-0.02|-0.87|2.63
1462027367997|-0.27|-1.27|2.32
1462027368017|-0.39|-1.35|1.68
1462027368039|-0.18|-1.14|0.64
1462027368063|0.14|-0.91|-0.32
1462027368082|0.35|-0.72|-0.95
1462027368104|0.36|-0.61|-0.99
1462027368127|0.30|-0.58|-0.78
1462027368148|0.14|-0.55|-0.50
1462027368169|-0.08|-0.48|-0.37
1462027368193|-0.30|-0.34|-0.51
1462027368212|-0.46|-0.10|-0.77
1462027368233|-0.51|0.14|-0.93
1462027368256|-0.45|0.34|-0.90
1462027368277|-0.35|0.52|-0.83
1462027368297|-0.20|0.67|-0.77
1462027368320|-0.00|0.78|-0.75
1462027368340|0.15|0.84|-0.71
1462027368362|0.20|0.84|-0.62
1462027368385|0.21|0.82|-0.50
1462027368406|0.18|0.79|-0.40
1462027368427|0.20|0.73|-0.31
1462027368450|0.31|0.66|-0.19
1462027368470|0.39|0.64|-0.14
1462027368492|0.15|0.74|-0.18
1462027368515|-0.21|0.84|-0.25
1462027368536|-0.41|0.84|-0.17
1462027368557|-0.51|0.84|0.24
1462027368579|-0.57|0.66|0.83
1462027368600|-0.57|0.38|1.33
1462027368623|-0.45|0.08|1.61
1462027368644|-0.35|-0.11|1.80
1462027368665|-0.49|-0.53|1.27
1462027368686|-0.69|-0.90|0.51
1462027368708|-0.92|-1.02|-0.36
1462027368730|-0.95|-1.03|-1.06
1462027368750|-0.77|-1.02|-1.41
1462027368773|-0.45|-1.04|-1.13
1462027368794|-0.15|-1.11|-0.63
1462027368813|0.11|-1.17|0.11
1462027368836|0.30|-1.25|0.67
1462027368857|0.32|-1.29|0.88
1462027368877|0.26|-1.15|0.68
1462027368900|0.41|-0.85|0.23
1462027368921|0.61|-0.49|-0.23
1462027368941|0.77|-0.12|-0.57
1462027368967|0.77|0.18|-0.59
1462027368988|0.65|0.34|-0.43
1462027369006|0.46|0.48|-0.19
1462027369028|0.35|0.60|0.02
1462027369048|0.35|0.71|0.25
1462027369072|0.39|0.71|0.59
1462027369093|0.37|0.62|0.97
1462027369116|0.26|0.50|1.26
1462027369134|0.11|0.42|1.33
1462027369156|0.07|0.42|1.21
1462027369178|0.12|0.53|0.97
1462027369204|0.16|0.64|0.73
1462027369220|0.33|0.70|0.62
1462027369241|0.58|0.70|0.78
1462027369265|0.84|0.55|1.13
1462027369289|0.94|0.19|1.42
1462027369307|0.80|-0.07|1.50
1462027369328|0.64|-0.30|1.35
1462027369350|0.67|-0.44|0.81
1462027369371|0.80|-0.43|-0.00
1462027369392|0.88|-0.35|-0.91
1462027369418|0.82|-0.25|-1.63
1462027369436|0.46|-0.16|-1.95
1462027369459|-0.02|-0.15|-1.81
1462027369481|-0.45|-0.21|-1.57
1462027369502|-0.79|-0.19|-1.40
1462027369522|-0.89|-0.05|-1.36
1462027369546|-0.87|0.14|-1.38
1462027369565|-0.82|0.27|-1.38
1462027369586|-0.81|0.35|-1.35
1462027369609|-0.78|0.39|-1.20
1462027369630|-0.72|0.41|-0.96
1462027369650|-0.56|0.41|-0.70
1462027369672|-0.37|0.41|-0.58
1462027369694|-0.25|0.42|-0.52
1462027369715|-0.22|0.42|-0.43
1462027369737|-0.20|0.45|-0.34
1462027369758|-0.01|0.64|-0.13
1462027369779|0.33|0.78|0.08
1462027369799|0.62|0.84|0.25
1462027369821|0.70|0.79|0.42
1462027369842|0.63|0.67|0.63
1462027369865|0.44|0.56|0.68
1462027369885|0.04|0.61|0.49
1462027369909|-0.27|0.75|0.22
1462027369930|-0.06|0.74|0.12
1462027369949|0.42|0.60|0.39
1462027369971|0.87|0.22|0.91
1462027369994|0.85|-0.31|1.17
1462027370014|0.56|-0.59|0.93
1462027370036|0.28|-0.65|0.39
1462027370059|0.41|-0.69|0.10
1462027370082|0.77|-0.79|0.31
1462027370102|0.96|-1.06|0.75
1462027370126|0.64|-1.39|0.99
1462027370143|0.13|-1.51|1.00
1462027370165|-0.34|-1.41|0.75
1462027370186|-0.57|-1.33|0.41
1462027370208|-0.62|-1.18|0.00
1462027370228|-0.56|-0.98|-0.37
1462027370248|-0.56|-0.78|-0.56
1462027370269|-0.71|-0.67|-0.61
1462027370291|-0.99|-0.61|-0.59
1462027370313|-1.20|-0.50|-0.53
1462027370335|-1.26|-0.34|-0.37
1462027370355|-1.15|-0.18|-0.18
1462027370378|-1.12|-0.00|0.02
1462027370399|-1.09|0.09|0.19
1462027370420|-0.98|0.22|0.33
1462027370441|-0.75|0.37|0.42
1462027370462|-0.49|0.52|0.50
1462027370483|-0.15|0.64|0.62
1462027370507|0.18|0.72|0.70
1462027370526|0.40|0.80|0.64
1462027370548|0.68|0.87|0.48
1462027370572|1.09|0.81|0.30
1462027370592|1.47|0.66|0.30
1462027370610|1.65|0.32|0.67
1462027370634|1.55|-0.11|0.97
1462027370655|1.25|-0.47|1.00
1462027370676|0.98|-0.60|0.75
1462027370699|0.80|-0.69|0.48
1462027370720|0.57|-0.81|0.32
1462027370741|0.25|-0.91|0.33
1462027370764|-0.03|-0.94|0.44
1462027370787|-0.16|-0.85|0.57
1462027370811|-0.18|-0.71|0.66
1462027370829|-0.18|-0.60|0.43
1462027370849|-0.22|-0.42|0.00
1462027370871|-0.15|-0.27|-0.48
1462027370892|-0.02|-0.11|-0.92
1462027370915|0.10|0.05|-1.30
1462027370933|0.20|0.24|-1.58
1462027370956|0.20|0.39|-1.78
1462027370977|0.01|0.50|-1.88
1462027370998|-0.25|0.56|-1.73
1462027371021|-0.46|0.57|-1.44
1462027371044|-0.58|0.64|-1.07
1462027371062|-0.62|0.72|-0.66
1462027371086|-0.66|0.76|-0.24
1462027371106|-0.70|0.78|0.16
1462027371129|-0.64|0.83|0.52
1462027371147|-0.48|0.90|0.81
1462027371169|-0.47|1.01|0.78
1462027371191|-0.70|1.19|0.59
1462027371213|-0.92|1.27|0.41
1462027371234|-0.95|1.19|0.40
1462027371255|-0.58|0.83|0.97
1462027371278|-0.17|0.29|1.74
1462027371297|0.00|-0.33|2.10
1462027371318|-0.08|-0.71|1.87
1462027371339|-0.20|-0.82|1.30
1462027371371|-0.04|-0.86|0.84
1462027371374|0.08|-0.89|0.50
1462027371384|0.41|-0.89|0.44
1462027371403|0.78|-0.84|0.49
1462027371423|0.96|-0.82|0.54
1462027371446|0.93|-0.86|0.42
1462027371467|0.71|-0.88|0.19
1462027371487|0.45|-0.87|-0.12
1462027371510|0.29|-0.84|-0.41
1462027371533|0.29|-0.69|-0.70
1462027371555|0.32|-0.52|-0.99
1462027371574|0.30|-0.31|-1.14
1462027371596|0.21|-0.18|-1.13
1462027371616|0.08|-0.12|-1.13
1462027371638|-0.11|-0.05|-1.07
1462027371663|-0.25|-0.01|-1.03
1462027371680|-0.28|0.10|-0.88
1462027371701|-0.32|0.20|-0.80
1462027371726|-0.51|0.27|-0.72
1462027371748|-0.70|0.35|-0.52
1462027371765|-0.73|0.41|-0.22
1462027371788|-0.60|0.45|0.14
1462027371808|-0.45|0.48|0.42
1462027371834|-0.27|0.48|0.65
1462027371853|-0.06|0.39|0.77
1462027371871|-0.08|0.41|0.71
1462027371893|-0.02|0.43|0.63
1462027371916|0.19|0.37|0.56
1462027371936|0.41|0.26|0.51
1462027371958|0.58|0.06|0.54
1462027371980|0.72|-0.19|0.59
1462027372001|0.83|-0.40|0.67
1462027372023|0.89|-0.54|0.66
1462027372045|0.85|-0.57|0.55
1462027372064|0.83|-0.56|0.35
1462027372086|0.88|-0.54|0.13
1462027372108|0.95|-0.49|0.01
1462027372128|0.93|-0.49|0.12
1462027372152|0.78|-0.56|0.24
1462027372172|0.50|-0.57|0.16
1462027372191|0.27|-0.52|-0.18
1462027372213|0.10|-0.39|-0.62
1462027372237|0.03|-0.24|-0.94
1462027372257|-0.00|-0.12|-1.03
1462027372277|-0.10|-0.08|-0.99
1462027372300|-0.27|-0.01|-0.89
1462027372322|-0.31|0.09|-0.80
1462027372343|-0.33|0.18|-0.75
1462027372368|-0.37|0.27|-0.64
1462027372386|-0.46|0.31|-0.57
1462027372408|-0.62|0.36|-0.53
1462027372431|-0.69|0.45|-0.49
1462027372452|-0.56|0.58|-0.41
1462027372472|-0.33|0.68|-0.33
1462027372494|-0.23|0.75|-0.20
1462027372515|-0.15|0.72|0.03
1462027372536|-0.06|0.68|0.33
1462027372557|-0.12|0.69|0.50
1462027372577|-0.18|0.69|0.63
1462027372598|-0.10|0.66|0.72
1462027372625|0.14|0.63|0.87
1462027372628|0.32|0.60|0.98
1462027372644|0.49|0.33|1.22
1462027372664|0.42|-0.05|1.44
1462027372687|0.19|-0.41|1.40
1462027372710|-0.06|-0.66|1.13
1462027372728|-0.29|-0.82|0.76
1462027372750|-0.33|-0.88|0.47
1462027372771|-0.25|-0.89|0.44
1462027372794|-0.15|-0.83|0.55
1462027372819|-0.06|-0.79|0.63
1462027372835|0.02|-0.71|0.61
1462027372856|0.11|-0.65|0.54
1462027372877|0.11|-0.58|0.40
1462027372898|0.09|-0.46|0.24
1462027372919|0.03|-0.32|-0.02
1462027372944|-0.06|-0.18|-0.30
1462027372963|-0.06|-0.07|-0.51
1462027372984|-0.04|0.01|-0.59
1462027373008|-0.07|0.03|-0.59
1462027373029|-0.13|0.05|-0.60
1462027373049|-0.20|0.08|-0.65
1462027373072|-0.27|0.11|-0.72
1462027373093|-0.31|0.17|-0.76
1462027373116|-0.38|0.24|-0.73
1462027373138|-0.42|0.29|-0.66
1462027373161|-0.40|0.39|-0.57
1462027373178|-0.26|0.53|-0.47
1462027373200|-0.05|0.67|-0.22
1462027373220|0.09|0.66|0.05
1462027373243|0.07|0.57|0.29
1462027373264|-0.07|0.53|0.38
1462027373284|-0.23|0.49|0.46
1462027373306|-0.24|0.37|0.63
1462027373330|-0.19|0.19|0.81
1462027373350|0.01|-0.00|0.83
1462027373368|0.39|0.02|0.68
1462027373395|0.87|0.09|0.54
1462027373397|1.22|0.14|0.44
1462027373412|1.45|0.15|0.46
1462027373435|1.45|0.01|0.54
1462027373455|1.16|-0.15|0.52
1462027373476|0.97|-0.24|0.39
1462027373498|0.92|-0.24|0.22
1462027373517|0.84|-0.19|0.09
1462027373539|0.62|-0.19|0.01
1462027373562|0.32|-0.20|-0.00
1462027373583|0.10|-0.18|-0.01
1462027373604|-0.03|-0.17|-0.10
1462027373624|-0.11|-0.12|-0.29
1462027373647|-0.18|-0.08|-0.56
1462027373668|-0.22|-0.02|-0.78
1462027373687|-0.30|0.02|-0.92
1462027373710|-0.40|0.04|-1.01
1462027373730|-0.46|0.05|-1.05
1462027373754|-0.50|0.07|-1.07
1462027373776|-0.55|0.09|-1.06
1462027373796|-0.62|0.10|-0.95
1462027373816|-0.73|0.12|-0.71
1462027373838|-0.82|0.13|-0.50
1462027373858|-0.86|0.16|-0.40
1462027373880|-0.83|0.22|-0.28
1462027373902|-0.73|0.28|-0.01
1462027373923|-0.58|0.31|0.44
1462027373943|-0.47|0.28|0.80
1462027373966|-0.46|0.29|0.79
1462027373986|-0.62|0.32|0.45
1462027374007|-0.72|0.32|0.02
1462027374029|-0.64|0.31|-0.14
1462027374049|-0.37|0.07|0.22
1462027374074|-0.16|-0.29|0.87
1462027374092|-0.09|-0.53|1.52
1462027374114|-0.02|-0.53|1.77
1462027374138|0.06|-0.42|1.56
1462027374157|0.04|-0.32|1.06
1462027374179|-0.12|-0.32|0.72
1462027374200|-0.30|-0.45|0.68
1462027374223|-0.45|-0.58|0.75
1462027374243|-0.33|-0.61|0.75
1462027374264|-0.03|-0.53|0.63
1462027374287|0.22|-0.43|0.45
1462027374310|0.29|-0.37|0.20
1462027374330|0.17|-0.31|-0.05
1462027374353|0.11|-0.25|-0.24
1462027374372|0.15|-0.15|-0.38
1462027374398|0.34|0.00|-0.59
1462027374418|0.44|0.15|-0.77
1462027374438|0.50|0.21|-0.89
1462027374458|0.53|0.25|-0.87
1462027374479|0.57|0.31|-0.69
1462027374501|0.57|0.41|-0.52
1462027374521|0.47|0.56|-0.41
1462027374544|0.32|0.72|-0.29
1462027374564|0.22|0.84|-0.15
1462027374585|0.18|0.92|0.07
1462027374607|0.19|0.91|0.27
1462027374628|0.14|0.84|0.39
1462027374649|0.04|0.77|0.41
1462027374670|-0.21|0.76|0.31
1462027374693|-0.43|0.74|0.23
1462027374713|-0.51|0.57|0.28
1462027374736|-0.42|0.21|0.61
1462027374758|-0.33|-0.20|0.90
1462027374776|-0.31|-0.47|1.04
1462027374799|-0.20|-0.61|0.88
1462027374820|-0.05|-0.63|0.54
1462027374841|0.09|-0.62|0.18
1462027374864|0.19|-0.61|-0.07
1462027374885|0.32|-0.56|-0.19
1462027374908|0.50|-0.47|-0.21
1462027374930|0.54|-0.39|-0.23
1462027374948|0.31|-0.38|-0.25
1462027374970|-0.02|-0.46|-0.28
1462027374993|-0.17|-0.47|-0.26
1462027375016|-0.04|-0.38|-0.20
1462027375034|0.16|-0.29|-0.14
1462027375057|0.28|-0.23|-0.05
1462027375077|0.36|-0.22|0.05
1462027375098|0.43|-0.17|0.10
1462027375125|0.59|-0.10|0.03
1462027375128|0.71|-0.05|-0.02
1462027375145|0.85|0.04|-0.14
1462027375164|0.96|0.14|-0.32
1462027375185|0.98|0.21|-0.50
1462027375209|0.83|0.28|-0.58
1462027375227|0.61|0.32|-0.56
1462027375249|0.43|0.41|-0.36
1462027375268|0.41|0.49|-0.11
1462027375290|0.39|0.54|0.08
1462027375314|0.30|0.56|0.18
1462027375335|0.17|0.52|0.27
1462027375355|-0.10|0.49|0.31
1462027375377|-0.50|0.44|0.23
1462027375397|-0.93|0.31|0.12
1462027375418|-1.25|0.12|0.27
1462027375441|-1.21|-0.18|0.64
1462027375465|-0.91|-0.45|1.00
1462027375485|-0.58|-0.59|1.14
1462027375506|-0.53|-0.54|1.03
1462027375527|-0.51|-0.39|0.84
1462027375548|-0.30|-0.22|0.76
1462027375571|0.15|-0.08|0.84
1462027375591|0.64|-0.02|0.96
1462027375616|1.00|-0.07|0.92
1462027375637|1.07|-0.12|0.66
1462027375657|0.93|-0.17|0.22
1462027375683|0.77|-0.23|-0.26
1462027375686|0.64|-0.28|-0.61
1462027375703|0.54|-0.29|-0.95
1462027375721|0.52|-0.22|-1.22
1462027375744|0.50|-0.18|-1.42
1462027375763|0.41|-0.04|-1.51
1462027375783|0.27|0.06|-1.51
1462027375805|0.14|0.17|-1.29
1462027375828|0.08|0.27|-0.86
1462027375848|-0.01|0.36|-0.38
1462027375868|-0.16|0.41|-0.04
1462027375890|-0.33|0.52|0.03
1462027375910|-0.42|0.70|-0.04
1462027375933|-0.40|0.94|-0.05
1462027375955|-0.39|1.09|0.02
1462027375975|-0.44|1.11|0.13
1462027375996|-0.46|1.11|0.22
1462027376019|-0.53|1.04|0.33
1462027376039|-0.67|1.02|0.37
1462027376061|-0.72|0.92|0.31
1462027376084|-0.61|0.77|0.31
1462027376104|-0.26|0.58|0.58
1462027376124|0.10|0.32|1.04
1462027376148|0.29|0.03|1.38
1462027376168|0.17|-0.26|1.36
1462027376188|-0.01|-0.43|1.08
1462027376211|-0.10|-0.51|0.67
1462027376232|-0.05|-0.50|0.22
1462027376252|0.07|-0.41|-0.20
1462027376275|0.12|-0.32|-0.55
1462027376296|-0.00|-0.30|-0.70
1462027376318|-0.10|-0.34|-0.64
1462027376339|-0.16|-0.36|-0.47
1462027376358|-0.23|-0.43|-0.32
1462027376382|-0.30|-0.48|-0.28
1462027376404|-0.34|-0.46|-0.39
1462027376424|-0.27|-0.39|-0.60
1462027376444|-0.11|-0.29|-0.81
1462027376467|0.03|-0.18|-0.95
1462027376490|0.15|-0.13|-0.96
1462027376507|0.23|-0.11|-0.86
1462027376528|0.29|-0.09|-0.64
1462027376549|0.35|-0.06|-0.41
1462027376573|0.41|0.01|-0.24
1462027376593|0.45|0.11|-0.17
1462027376614|0.45|0.24|-0.18
1462027376635|0.36|0.35|-0.12
1462027376658|0.25|0.38|0.05
1462027376678|0.11|0.38|0.23
1462027376698|-0.02|0.37|0.37
1462027376722|-0.18|0.43|0.37
1462027376745|-0.37|0.54|0.31
1462027376765|-0.43|0.63|0.37
1462027376787|-0.23|0.59|0.68
1462027376808|-0.17|0.42|0.94
1462027376830|-0.34|0.11|0.99
1462027376855|-0.68|-0.25|0.83
1462027376873|-1.10|-0.47|0.59
1462027376895|-1.33|-0.54|0.34
1462027376916|-1.17|-0.49|0.12
1462027376937|-0.96|-0.42|0.04
1462027376961|-0.78|-0.44|0.14
1462027376982|-0.68|-0.50|0.33
1462027377001|-0.51|-0.57|0.47
1462027377021|-0.27|-0.57|0.51
1462027377047|0.00|-0.58|0.42
1462027377067|0.17|-0.61|0.17
1462027377088|0.13|-0.59|-0.21
1462027377112|0.08|-0.52|-0.54
1462027377130|0.09|-0.39|-0.74
1462027377151|0.17|-0.23|-0.83
1462027377173|0.22|-0.12|-0.83
1462027377194|0.23|-0.04|-0.78
1462027377214|0.15|0.00|-0.67
1462027377236|0.08|0.03|-0.50
1462027377257|0.05|0.08|-0.34
1462027377278|0.06|0.20|-0.25
1462027377300|0.09|0.35|-0.20
1462027377321|0.12|0.52|-0.12
1462027377342|0.17|0.68|0.01
1462027377366|0.21|0.77|0.20
1462027377386|0.29|0.78|0.44
1462027377406|0.33|0.77|0.60
1462027377429|0.25|0.82|0.53
1462027377449|0.26|0.86|0.43
1462027377470|0.32|0.81|0.52
1462027377494|0.26|0.53|0.73
1462027377515|0.01|0.26|0.86
1462027377536|-0.14|0.02|0.79
1462027377558|-0.22|-0.08|0.57
1462027377579|-0.11|-0.11|0.37
1462027377599|0.12|-0.19|0.32
1462027377622|0.24|-0.33|0.41
1462027377644|0.28|-0.50|0.53
1462027377664|0.36|-0.62|0.41
1462027377686|0.46|-0.61|0.11
1462027377709|0.50|-0.54|-0.28
1462027377728|0.37|-0.48|-0.69
1462027377752|0.09|-0.46|-1.06
1462027377773|-0.25|-0.47|-1.31
1462027377790|-0.52|-0.38|-1.38
1462027377813|-0.63|-0.20|-1.28
1462027377838|-0.55|-0.11|-1.00
1462027377857|-0.50|-0.06|-0.69
1462027377877|-0.49|0.01|-0.54
1462027377900|-0.42|0.13|-0.51
1462027377919|-0.26|0.29|-0.42
1462027377940|-0.09|0.41|-0.21
1462027377961|0.00|0.46|-0.04
1462027377985|0.08|0.51|0.03
1462027378007|0.18|0.62|0.05
1462027378026|0.22|0.73|0.09
1462027378045|0.20|0.78|0.22
1462027378068|0.19|0.73|0.45
1462027378088|0.18|0.62|0.68
1462027378109|0.05|0.49|0.75
1462027378133|-0.15|0.36|0.64
1462027378154|-0.21|0.25|0.62
1462027378178|-0.32|0.09|0.78
1462027378197|-0.33|-0.08|1.04
1462027378218|-0.11|-0.22|1.29
1462027378240|0.20|-0.33|1.36
1462027378262|0.29|-0.42|1.05
1462027378282|0.16|-0.46|0.47
1462027378303|-0.08|-0.48|0.01
1462027378325|-0.30|-0.45|-0.33
1462027378345|-0.38|-0.41|-0.60
1462027378366|-0.27|-0.35|-0.76
1462027378389|-0.07|-0.30|-0.67
1462027378408|0.17|-0.32|-0.34
1462027378428|0.37|-0.42|0.08
1462027378450|0.41|-0.52|0.42
1462027378471|0.36|-0.63|0.49
1462027378492|0.33|-0.60|0.27
1462027378514|0.40|-0.44|-0.09
1462027378534|0.45|-0.25|-0.40
1462027378556|0.44|-0.08|-0.59
1462027378578|0.41|0.09|-0.62
1462027378598|0.36|0.25|-0.61
1462027378619|0.25|0.48|-0.56
1462027378644|0.10|0.67|-0.47
1462027378663|-0.01|0.78|-0.35
1462027378684|-0.08|0.83|-0.18
1462027378707|-0.08|0.86|0.02
1462027378727|-0.00|0.84|0.23
1462027378747|0.11|0.79|0.38
1462027378770|0.23|0.75|0.38
1462027378791|0.20|0.77|0.30
1462027378812|0.15|0.75|0.22
1462027378834|0.26|0.63|0.29
1462027378854|0.42|0.49|0.54
1462027378876|0.53|0.24|0.85
1462027378898|0.53|-0.02|1.11
1462027378917|0.46|-0.27|1.26
1462027378939|0.42|-0.46|1.17
1462027378964|0.49|-0.53|0.72
1462027378981|0.62|-0.51|0.15
1462027379002|0.75|-0.42|-0.39
1462027379023|0.75|-0.28|-0.75
1462027379045|0.62|-0.18|-0.81
1462027379066|0.47|-0.20|-0.71
1462027379088|0.27|-0.25|-0.75
1462027379112|0.10|-0.23|-1.02
1462027379134|0.02|-0.13|-1.37
1462027379152|-0.02|-0.01|-1.65
1462027379172|-0.16|0.06|-1.71
1462027379194|-0.23|0.03|-1.55
1462027379214|-0.27|-0.02|-1.29
1462027379237|-0.34|-0.10|-1.02
1462027379257|-0.39|-0.11|-0.77
1462027379283|-0.35|-0.04|-0.50
1462027379300|-0.19|0.12|-0.26
1462027379322|0.02|0.31|-0.02
1462027379345|0.12|0.48|0.18
1462027379365|0.12|0.58|0.31
1462027379387|0.07|0.66|0.42
1462027379410|0.03|0.71|0.54
1462027379430|-0.05|0.72|0.67
1462027379450|-0.19|0.65|0.68
1462027379472|-0.46|0.71|0.45
1462027379494|-0.60|0.76|0.15
1462027379517|-0.49|0.74|0.11
1462027379538|-0.25|0.51|0.39
1462027379557|-0.17|0.10|0.79
1462027379578|-0.40|-0.32|1.09
1462027379600|-0.76|-0.63|1.14
1462027379620|-0.96|-0.78|0.96
1462027379641|-0.88|-0.83|0.66
1462027379662|-0.56|-0.83|0.40
1462027379685|-0.10|-0.80|0.23
1462027379707|0.25|-0.73|0.09
1462027379728|0.39|-0.67|0.01
1462027379748|0.36|-0.68|0.03
1462027379769|0.23|-0.69|-0.02
1462027379789|0.01|-0.66|-0.26
1462027379810|-0.15|-0.56|-0.57
1462027379833|-0.19|-0.40|-0.82
1462027379856|-0.11|-0.21|-0.84
1462027379878|-0.01|-0.05|-0.75
1462027379900|-0.03|0.07|-0.62
1462027379918|-0.14|0.11|-0.48
1462027379938|-0.28|0.13|-0.30
1462027379959|-0.33|0.21|-0.17
1462027379983|-0.25|0.33|-0.10
1462027380004|-0.18|0.45|-0.13
1462027380026|-0.19|0.52|-0.20
1462027380045|-0.29|0.56|-0.27
1462027380066|-0.34|0.59|-0.29
1462027380087|-0.35|0.62|-0.29
1462027380110|-0.36|0.63|-0.24
1462027380130|-0.45|0.62|-0.14
1462027380153|-0.65|0.62|-0.08
1462027380174|-0.76|0.58|-0.05
1462027380196|-0.41|0.57|0.20
1462027380217|0.08|0.50|0.74
1462027380240|0.39|0.26|1.30
1462027380258|0.38|-0.01|1.54
1462027380279|0.16|-0.24|1.32
1462027380303|-0.18|-0.35|0.84
1462027380327|-0.35|-0.31|0.48
1462027380347|-0.06|-0.19|0.41
1462027380368|0.44|-0.11|0.55
1462027380388|0.71|-0.12|0.54
1462027380409|0.58|-0.19|0.28
1462027380431|0.23|-0.30|-0.09
1462027380453|-0.12|-0.44|-0.36
1462027380476|-0.39|-0.55|-0.52
1462027380497|-0.56|-0.62|-0.71
1462027380516|-0.59|-0.60|-0.93
1462027380538|-0.44|-0.48|-1.05
1462027380561|-0.22|-0.35|-1.03
1462027380582|-0.02|-0.24|-0.89
1462027380603|0.09|-0.15|-0.65
1462027380626|0.19|-0.07|-0.41
1462027380646|0.26|0.02|-0.24
1462027380670|0.31|0.12|-0.14
1462027380692|0.34|0.25|-0.05
1462027380711|0.41|0.38|0.10
1462027380732|0.57|0.48|0.35
1462027380753|0.66|0.55|0.55
1462027380775|0.56|0.47|0.75
1462027380795|0.22|0.45|0.76
1462027380817|-0.01|0.48|0.62
1462027380838|0.01|0.59|0.56
1462027380864|0.23|0.46|0.65
1462027380885|0.04|0.15|0.60
1462027380903|-0.39|-0.15|0.46
1462027380923|-0.70|-0.41|0.37
1462027380946|-0.54|-0.48|0.52
1462027380966|-0.28|-0.52|0.76
1462027380988|-0.16|-0.66|0.93
1462027381010|-0.17|-0.84|0.93
1462027381032|-0.04|-0.97|0.88
1462027381052|0.19|-1.01|0.73
1462027381074|0.38|-0.96|0.51
1462027381096|0.41|-0.87|0.23
1462027381116|0.30|-0.80|-0.11
1462027381137|0.19|-0.68|-0.52
1462027381158|0.13|-0.49|-0.80
1462027381180|0.08|-0.31|-0.87
1462027381202|0.05|-0.19|-0.69
1462027381222|0.03|-0.10|-0.47
1462027381244|-0.01|-0.05|-0.27
1462027381269|-0.03|0.10|-0.09
1462027381286|-0.00|0.28|0.02
1462027381308|-0.01|0.49|-0.06
1462027381330|-0.07|0.68|-0.28
1462027381350|-0.12|0.83|-0.51
1462027381371|-0.07|0.94|-0.63
1462027381392|0.02|1.09|-0.52
1462027381417|0.12|1.14|-0.34
1462027381434|0.13|1.06|-0.22
1462027381457|-0.04|1.02|-0.22
1462027381478|-0.14|0.95|-0.10
1462027381501|-0.09|0.81|0.22
1462027381524|0.09|0.65|0.72
1462027381545|0.34|0.38|1.16
1462027381565|0.28|0.11|1.24
1462027381587|0.15|0.09|1.12
1462027381608|0.09|0.07|0.78
1462027381629|0.03|0.01|0.47
1462027381653|0.11|-0.04|0.26
1462027381675|0.30|-0.01|0.15
1462027381695|0.64|0.02|0.18
1462027381718|0.96|0.01|0.34
1462027381738|1.10|-0.11|0.45
1462027381758|0.77|-0.33|0.29
1462027381782|0.38|-0.53|-0.06
1462027381810|0.21|-0.61|-0.42
1462027381815|0.09|-0.67|-0.69
1462027381824|0.25|-0.67|-0.96
1462027381847|0.36|-0.62|-1.19
1462027381868|0.33|-0.60|-1.36
1462027381890|0.27|-0.57|-1.42
1462027381910|0.30|-0.41|-1.17
1462027381933|0.38|-0.25|-0.82
1462027381953|0.42|-0.12|-0.58
1462027381976|0.27|-0.00|-0.48
1462027381998|0.13|0.14|-0.40
1462027382020|0.06|0.29|-0.25
1462027382042|0.00|0.39|-0.13
1462027382060|0.13|0.60|0.08
1462027382080|0.27|0.69|0.20
1462027382104|0.35|0.74|0.32
1462027382126|0.21|0.73|0.39
1462027382146|-0.30|0.78|0.26
1462027382167|-0.64|0.83|0.21
1462027382190|-0.48|0.76|0.38
1462027382208|-0.14|0.57|0.69
1462027382231|-0.16|0.28|0.95
1462027382251|-0.39|0.00|1.05
1462027382276|-0.65|-0.18|0.99
1462027382297|-0.81|-0.27|0.78
1462027382317|-0.76|-0.34|0.53
1462027382337|-0.45|-0.40|0.39
1462027382360|-0.03|-0.47|0.39
1462027382381|0.22|-0.61|0.43
1462027382404|0.21|-0.81|0.30
1462027382425|0.09|-0.97|-0.08
1462027382445|-0.03|-1.02|-0.61
1462027382465|-0.14|-0.95|-1.11
1462027382487|-0.04|-0.78|-1.47
1462027382510|0.11|-0.57|-1.63
1462027382531|0.20|-0.33|-1.62
1462027382550|0.16|-0.12|-1.47
1462027382571|0.10|0.05|-1.25
1462027382593|0.04|0.20|-0.98
1462027382614|-0.11|0.31|-0.75
1462027382637|-0.37|0.37|-0.56
1462027382657|-0.57|0.35|-0.44
1462027382677|-0.70|0.35|-0.33
1462027382697|-0.72|0.38|-0.15
1462027382719|-0.75|0.26|0.14
1462027382742|-0.88|0.05|0.40
1462027382761|-0.86|-0.15|0.76
1462027382782|-0.58|-0.24|1.22
1462027382811|-0.35|-0.07|1.58
1462027382831|-0.20|0.07|1.64
1462027382849|0.07|0.11|1.50
1462027382869|0.40|0.08|1.46
1462027382895|0.62|-0.13|1.63
1462027382912|0.67|-0.47|1.80
1462027382932|0.60|-0.78|1.79
1462027382954|0.54|-0.91|1.56
1462027382975|0.64|-0.78|1.02
1462027382999|0.85|-0.55|0.40
1462027383017|1.05|-0.38|-0.16
1462027383038|1.07|-0.28|-0.55
1462027383062|0.81|-0.29|-0.70
1462027383085|0.40|-0.35|-0.81
1462027383108|0.03|-0.33|-1.03
1462027383128|-0.19|-0.23|-1.31
1462027383148|-0.26|-0.10|-1.54
1462027383169|-0.22|-0.02|-1.62
1462027383194|-0.19|0.03|-1.54
1462027383216|-0.15|0.01|-1.39
1462027383238|-0.15|0.00|-1.19
1462027383256|-0.18|0.02|-0.91
1462027383280|-0.31|0.06|-0.65
1462027383298|-0.48|0.14|-0.46
1462027383319|-0.57|0.24|-0.40
1462027383339|-0.58|0.34|-0.40
1462027383362|-0.48|0.36|-0.27
1462027383386|-0.36|0.30|-0.05
1462027383405|-0.33|0.20|0.28
1462027383427|-0.52|0.17|0.65
1462027383449|-0.76|0.27|0.90
1462027383469|-0.82|0.44|1.06
1462027383493|-0.71|0.52|1.34
1462027383517|-0.56|0.29|1.82
1462027383534|-0.47|-0.12|2.21
1462027383557|-0.54|-0.58|2.23
1462027383577|-0.71|-0.80|1.78
1462027383598|-0.79|-0.84|1.20
1462027383623|-0.66|-0.76|0.65
1462027383640|-0.45|-0.68|0.31
1462027383660|-0.23|-0.66|0.26
1462027383682|0.01|-0.72|0.40
1462027383704|0.23|-0.79|0.61
1462027383724|0.39|-0.82|0.72
1462027383746|0.44|-0.82|0.59
1462027383769|0.33|-0.76|0.19
1462027383788|0.18|-0.66|-0.30
1462027383809|0.04|-0.52|-0.76
1462027383833|0.02|-0.31|-1.12
1462027383855|0.18|-0.04|-1.31
1462027383875|0.37|0.22|-1.35
1462027383897|0.49|0.43|-1.25
1462027383920|0.53|0.54|-1.03
1462027383939|0.49|0.63|-0.67
1462027383961|0.54|0.70|-0.32
1462027383981|0.62|0.80|-0.09
1462027384003|0.69|0.89|0.04
1462027384026|0.74|0.91|0.21
1462027384045|0.77|0.86|0.55
1462027384066|0.65|0.86|0.80
1462027384092|0.49|0.94|0.88
1462027384109|0.49|1.07|0.90
1462027384130|0.71|1.07|1.01
1462027384155|0.87|0.89|1.22
1462027384176|0.83|0.54|1.50
1462027384197|0.61|0.08|1.60
1462027384218|0.37|-0.34|1.44
1462027384239|0.13|-0.55|0.98
1462027384263|-0.06|-0.64|0.36
1462027384280|-0.22|-0.64|-0.30
1462027384302|-0.30|-0.62|-0.83
1462027384324|-0.35|-0.56|-1.13
1462027384345|-0.37|-0.51|-1.17
1462027384365|-0.46|-0.46|-1.11
1462027384388|-0.62|-0.39|-1.03
1462027384410|-0.82|-0.30|-1.00
1462027384430|-1.13|-0.19|-1.00
1462027384450|-1.44|-0.13|-1.02
1462027384474|-1.61|-0.12|-1.04
1462027384497|-1.53|-0.05|-1.05
1462027384517|-1.23|0.08|-1.05
1462027384538|-0.89|0.23|-1.02
1462027384559|-0.62|0.31|-0.86
1462027384578|-0.46|0.31|-0.57
1462027384602|-0.30|0.28|-0.25
1462027384625|-0.08|0.29|-0.03
1462027384643|0.11|0.33|0.08
1462027384665|0.19|0.36|0.14
1462027384686|0.16|0.33|0.23
1462027384707|0.14|0.25|0.46
1462027384731|0.20|0.18|0.74
1462027384752|0.28|0.13|0.99
1462027384775|0.28|0.09|1.17
1462027384794|0.13|0.10|1.19
1462027384816|-0.02|0.14|1.04
1462027384836|-0.07|0.14|0.84
1462027384858|-0.01|0.04|0.91
1462027384880|0.23|-0.21|1.29
1462027384899|0.50|-0.52|1.62
1462027384923|0.75|-0.74|1.51
1462027384944|0.79|-0.80|1.07
1462027384965|0.66|-0.68|0.34
1462027384986|0.51|-0.49|-0.33
1462027385007|0.48|-0.33|-0.77
1462027385028|0.60|-0.23|-0.81
1462027385049|0.83|-0.22|-0.47
1462027385070|0.97|-0.26|-0.02
1462027385092|0.94|-0.31|0.31
1462027385115|0.76|-0.33|0.21
1462027385135|0.54|-0.24|-0.09
1462027385155|0.34|-0.12|-0.56
1462027385178|0.19|0.04|-0.96
1462027385198|0.16|0.21|-1.24
1462027385220|0.25|0.38|-1.35
1462027385240|0.40|0.48|-1.26
1462027385262|0.43|0.51|-1.08
1462027385286|0.30|0.51|-0.87
1462027385305|0.13|0.50|-0.71
1462027385325|0.04|0.54|-0.60
1462027385347|0.10|0.62|-0.52
1462027385368|0.13|0.72|-0.39
1462027385391|0.13|0.74|-0.18
1462027385411|0.06|0.69|0.07
1462027385435|-0.12|0.65|0.23
1462027385453|-0.37|0.65|0.30
1462027385473|-0.50|0.63|0.42
1462027385497|-0.33|0.54|0.81
1462027385516|-0.14|0.38|1.19
1462027385538|-0.15|0.17|1.41
1462027385559|-0.21|-0.03|1.38
1462027385580|-0.24|-0.16|1.23
1462027385604|-0.16|-0.29|1.03
1462027385623|0.04|-0.42|0.74
1462027385644|0.28|-0.50|0.42
1462027385665|0.45|-0.55|0.14
1462027385691|0.41|-0.62|0.02
1462027385710|0.22|-0.73|-0.01
1462027385730|-0.05|-0.78|-0.01
1462027385753|-0.33|-0.77|-0.10
1462027385774|-0.56|-0.62|-0.37
1462027385796|-0.72|-0.37|-0.71
1462027385817|-0.83|-0.11|-1.00
1462027385838|-0.95|0.12|-1.22
1462027385859|-1.06|0.26|-1.35
1462027385882|-1.16|0.27|-1.30
1462027385906|-1.10|0.17|-1.11
1462027385925|-0.95|0.16|-0.79
1462027385946|-0.63|0.14|-0.54
1462027385964|-0.39|0.12|-0.36
1462027385986|-0.19|0.14|-0.22
1462027386008|-0.10|0.20|-0.02
1462027386029|0.02|0.25|0.22
1462027386050|0.14|0.30|0.47
1462027386075|0.22|0.35|0.70
1462027386095|0.26|0.36|0.88
1462027386116|0.19|0.34|0.91
1462027386138|-0.11|0.43|0.77
1462027386158|-0.41|0.51|0.57
1462027386180|-0.50|0.48|0.56
1462027386204|-0.35|0.29|0.90
1462027386222|-0.09|-0.08|1.39
1462027386244|0.15|-0.46|1.74
1462027386267|0.32|-0.73|1.60
1462027386285|0.35|-0.81|1.12
1462027386307|0.39|-0.80|0.59
1462027386329|0.44|-0.76|0.15
1462027386349|0.57|-0.65|-0.18
1462027386371|0.91|-0.51|-0.30
1462027386396|1.21|-0.43|-0.23
1462027386414|1.25|-0.45|-0.08
1462027386437|1.02|-0.56|0.04
1462027386459|0.77|-0.62|0.03
1462027386478|0.58|-0.58|-0.23
1462027386501|0.45|-0.46|-0.65
1462027386522|0.30|-0.34|-1.06
1462027386543|0.15|-0.17|-1.35
1462027386565|0.04|0.01|-1.46
1462027386586|-0.01|0.22|-1.37
1462027386608|-0.01|0.42|-1.09
1462027386629|-0.10|0.58|-0.75
1462027386652|-0.24|0.69|-0.42
1462027386673|-0.36|0.80|-0.17
1462027386695|-0.43|0.89|0.05
1462027386713|-0.37|0.99|0.27
1462027386735|-0.23|1.02|0.43
1462027386755|-0.24|0.96|0.50
1462027386778|-0.37|0.80|0.55
1462027386798|-0.50|0.66|0.56
1462027386820|-0.62|0.62|0.43
1462027386843|-0.55|0.58|0.24
1462027386862|-0.34|0.49|0.09
1462027386885|-0.10|0.31|0.32
1462027386905|0.09|0.03|0.76
1462027386925|0.22|-0.27|1.18
1462027386948|0.29|-0.52|1.42
1462027386968|0.37|-0.65|1.40
1462027386989|0.46|-0.68|1.13
1462027387012|0.51|-0.62|0.69
1462027387037|0.56|-0.50|0.17
1462027387054|0.63|-0.37|-0.22
1462027387075|0.66|-0.29|-0.39
1462027387098|0.51|-0.31|-0.45
1462027387118|0.24|-0.34|-0.57
1462027387139|-0.02|-0.33|-0.78
1462027387160|-0.19|-0.28|-1.01
1462027387182|-0.28|-0.22|-1.21
1462027387203|-0.22|-0.18|-1.30
1462027387226|-0.15|-0.15|-1.27
1462027387247|-0.15|-0.15|-1.16
1462027387267|-0.18|-0.15|-1.03
1462027387288|-0.17|-0.07|-0.85
1462027387310|-0.15|0.06|-0.68
1462027387331|-0.14|0.25|-0.54
1462027387352|-0.16|0.42|-0.40
1462027387375|-0.19|0.56|-0.22
1462027387394|-0.24|0.69|-0.05
1462027387418|-0.19|0.84|0.13
1462027387438|-0.09|0.95|0.37
1462027387457|-0.02|0.96|0.60
1462027387480|-0.06|0.86|0.74
1462027387500|-0.28|0.78|0.67
1462027387523|-0.42|0.65|0.47
1462027387543|-0.40|0.55|0.39
1462027387564|-0.16|0.37|0.67
1462027387586|0.06|0.01|1.08
1462027387608|-0.02|-0.35|1.23
1462027387627|-0.13|-0.56|1.05
1462027387649|-0.20|-0.66|0.68
1462027387673|-0.15|-0.74|0.31
1462027387693|-0.05|-0.81|0.07
1462027387713|0.01|-0.87|0.07
1462027387736|0.08|-0.89|0.18
1462027387757|0.13|-0.92|0.34
1462027387777|0.11|-0.89|0.48
1462027387800|0.12|-0.83|0.43
1462027387820|0.09|-0.70|0.14
1462027387843|0.13|-0.48|-0.29
1462027387866|0.17|-0.23|-0.64
1462027387886|0.24|-0.02|-0.82
1462027387908|0.28|0.12|-0.95
1462027387928|0.22|0.29|-0.93
1462027387949|0.08|0.39|-0.86
1462027387970|-0.08|0.43|-0.71
1462027387993|-0.23|0.49|-0.55
1462027388014|-0.34|0.53|-0.42
1462027388034|-0.38|0.59|-0.30
1462027388057|-0.35|0.68|-0.13
1462027388078|-0.34|0.73|0.06
1462027388099|-0.33|0.75|0.26
1462027388121|-0.27|0.72|0.44
1462027388142|-0.20|0.63|0.62
1462027388164|-0.20|0.54|0.74
1462027388186|-0.23|0.46|0.73
1462027388205|-0.21|0.40|0.61
1462027388227|-0.12|0.30|0.51
1462027388250|-0.04|0.10|0.57
1462027388269|0.02|-0.18|0.81
1462027388290|0.09|-0.45|1.06
1462027388314|0.16|-0.62|1.25
1462027388334|0.21|-0.75|1.15
1462027388355|0.20|-0.77|0.62
1462027388378|0.28|-0.72|0.06
1462027388398|0.44|-0.63|-0.28
1462027388418|0.59|-0.54|-0.40
1462027388442|0.55|-0.50|-0.61
1462027388464|0.34|-0.44|-0.97
1462027388484|0.22|-0.34|-1.32
1462027388507|0.26|-0.17|-1.46
1462027388528|0.31|-0.07|-1.43
1462027388549|0.26|-0.03|-1.27
1462027388572|0.15|-0.03|-1.07
1462027388595|0.10|-0.06|-0.82
1462027388615|0.08|-0.09|-0.61
1462027388636|0.04|-0.02|-0.43
1462027388658|-0.03|0.03|-0.32
1462027388678|-0.18|0.08|-0.26
1462027388699|-0.31|0.20|-0.22
1462027388720|-0.32|0.31|-0.16
1462027388741|-0.26|0.46|0.00
1462027388765|-0.14|0.59|0.27
1462027388785|-0.06|0.67|0.52
1462027388807|-0.20|0.74|0.48
1462027388829|-0.49|0.89|0.29
1462027388854|-0.58|0.94|0.17
1462027388871|-0.55|0.86|0.29
1462027388893|-0.49|0.48|0.80
1462027388914|-0.49|0.02|1.37
1462027388935|-0.49|-0.43|1.72
1462027388959|-0.53|-0.66|1.55
1462027388978|-0.56|-0.74|1.16
1462027388997|-0.56|-0.72|0.53
1462027389020|-0.57|-0.68|0.02
1462027389043|-0.39|-0.74|-0.21
1462027389063|-0.09|-0.74|-0.05
1462027389087|0.15|-0.77|0.18
1462027389107|0.21|-0.74|0.32
1462027389129|0.15|-0.71|0.27
1462027389150|0.03|-0.66|-0.05
1462027389169|-0.04|-0.60|-0.42
1462027389191|-0.00|-0.53|-0.74
1462027389214|-0.04|-0.39|-0.95
1462027389235|-0.05|-0.25|-1.01
1462027389258|-0.02|-0.10|-0.96
1462027389280|0.05|0.05|-0.84
1462027389300|0.15|0.15|-0.74
1462027389322|0.18|0.25|-0.56
1462027389345|0.19|0.29|-0.32
1462027389368|0.19|0.32|-0.01
1462027389387|0.26|0.33|0.33
1462027389406|0.30|0.33|0.58
1462027389429|0.28|0.34|0.68
1462027389449|0.18|0.47|0.61
1462027389471|0.20|0.61|0.45
1462027389491|0.45|0.65|0.38
1462027389513|0.80|0.66|0.56
1462027389536|1.00|0.43|0.91
1462027389557|0.83|0.10|1.18
1462027389580|0.58|-0.23|1.37
1462027389604|0.51|-0.39|1.52
1462027389619|0.64|-0.39|1.46
1462027389640|0.77|-0.31|1.11
1462027389663|0.83|-0.26|0.74
1462027389687|0.78|-0.31|0.56
1462027389706|0.57|-0.39|0.55
1462027389729|0.32|-0.45|0.51
1462027389747|0.09|-0.46|0.27
1462027389768|-0.14|-0.42|-0.13
1462027389790|-0.31|-0.34|-0.58
1462027389814|-0.37|-0.23|-0.94
1462027389831|-0.33|-0.09|-1.22
1462027389854|-0.29|0.04|-1.34
1462027389877|-0.28|0.08|-1.35
1462027389896|-0.34|0.11|-1.29
1462027389917|-0.35|0.13|-1.18
1462027389939|-0.29|0.20|-1.06
1462027389960|-0.20|0.26|-0.96
1462027389982|-0.16|0.30|-0.82
1462027390004|-0.17|0.33|-0.68
1462027390026|-0.23|0.40|-0.57
1462027390045|-0.23|0.48|-0.48
1462027390065|-0.18|0.59|-0.44
1462027390087|-0.13|0.71|-0.46
1462027390110|-0.06|0.84|-0.48
1462027390131|0.03|0.96|-0.32
1462027390151|0.19|1.02|0.04
1462027390175|0.42|1.09|0.38
1462027390196|0.69|1.12|0.54
1462027390217|0.89|1.03|0.61
1462027390238|0.65|0.88|0.64
1462027390259|0.25|0.59|0.75
1462027390282|-0.02|0.19|1.11
1462027390303|-0.04|-0.32|1.62
1462027390324|-0.02|-0.78|1.86
1462027390345|-0.15|-1.13|1.44
1462027390366|-0.39|-1.28|0.76
1462027390387|-0.61|-1.28|0.12
1462027390408|-0.65|-1.23|-0.22
1462027390433|-0.27|-1.21|0.03
1462027390450|0.19|-1.14|0.50
1462027390472|0.57|-1.03|0.92
1462027390496|0.65|-0.91|0.95
1462027390517|0.54|-0.73|0.69
1462027390539|0.51|-0.53|0.37
1462027390560|0.53|-0.37|0.19
1462027390580|0.55|-0.25|0.14
1462027390601|0.54|-0.14|0.06
1462027390624|0.48|-0.05|-0.06
1462027390646|0.42|0.04|-0.18
1462027390666|0.28|0.14|-0.30
1462027390690|0.11|0.21|-0.35
1462027390714|-0.05|0.23|-0.32
1462027390732|-0.28|0.22|-0.26
1462027390752|-0.55|0.17|-0.20
1462027390772|-0.79|0.17|-0.18
1462027390801|-0.95|0.17|-0.22
1462027390804|-1.07|0.17|-0.25
1462027390816|-1.13|0.20|-0.29
1462027390837|-1.16|0.18|-0.32
1462027390859|-1.17|0.17|-0.35
1462027390885|-1.21|0.19|-0.33
1462027390901|-1.16|0.24|-0.27
1462027390923|-1.05|0.33|-0.19
1462027390944|-0.93|0.45|-0.11
1462027390964|-0.78|0.51|0.01
1462027390986|-0.70|0.50|0.19
1462027391007|-0.65|0.47|0.37
1462027391027|-0.66|0.45|0.36
1462027391050|-0.70|0.56|0.19
1462027391073|-0.48|0.58|0.05
1462027391095|-0.04|0.45|0.17
1462027391115|0.33|0.08|0.54
1462027391137|0.48|-0.28|0.74
1462027391157|0.53|-0.51|0.60
1462027391178|0.50|-0.55|0.13
1462027391203|0.49|-0.48|-0.31
1462027391224|0.60|-0.36|-0.48
1462027391244|0.93|-0.25|-0.34
1462027391268|1.22|-0.12|-0.09
1462027391288|1.33|-0.07|0.11
1462027391308|1.10|-0.07|0.10
1462027391332|0.75|-0.05|-0.11
1462027391355|0.45|0.03|-0.42
1462027391376|0.33|0.19|-0.70
1462027391397|0.30|0.31|-0.82
1462027391419|0.19|0.36|-0.81
1462027391439|0.01|0.33|-0.71
1462027391464|-0.17|0.29|-0.59
1462027391484|-0.27|0.28|-0.48
1462027391506|-0.31|0.31|-0.42
1462027391524|-0.32|0.38|-0.42
1462027391546|-0.33|0.47|-0.45
1462027391566|-0.35|0.58|-0.44
1462027391587|-0.31|0.68|-0.35
1462027391606|-0.20|0.77|-0.20
1462027391627|-0.08|0.84|-0.02
1462027391651|0.03|0.84|0.17
1462027391671|0.09|0.75|0.36
1462027391692|0.12|0.61|0.53
1462027391714|0.11|0.49|0.62
1462027391735|-0.04|0.48|0.55
1462027391757|-0.20|0.51|0.35
1462027391777|-0.22|0.54|0.28
1462027391798|0.10|0.35|0.55
1462027391818|0.56|-0.04|1.12
1462027391844|0.71|-0.51|1.69
1462027391862|0.43|-0.90|1.83
1462027391885|0.03|-1.03|1.59
1462027391906|-0.04|-0.98|1.13
1462027391927|0.28|-0.88|0.61
1462027391948|0.90|-0.80|0.33
1462027391970|1.38|-0.74|0.45
1462027391990|1.50|-0.84|0.76
1462027392011|1.19|-0.95|0.93
1462027392034|0.70|-0.95|0.71
1462027392055|0.38|-0.80|0.26
1462027392076|0.29|-0.59|-0.26
1462027392098|0.25|-0.40|-0.61
1462027392119|0.16|-0.31|-0.73
1462027392141|0.00|-0.25|-0.64
1462027392163|-0.17|-0.24|-0.46
1462027392183|-0.34|-0.27|-0.31
1462027392205|-0.60|-0.31|-0.21
1462027392227|-0.91|-0.37|-0.18
1462027392248|-1.22|-0.41|-0.16
1462027392270|-1.48|-0.38|-0.16
1462027392290|-1.60|-0.29|-0.14
1462027392310|-1.58|-0.19|-0.04
1462027392334|-1.54|-0.10|0.10
1462027392355|-1.43|-0.00|0.16
1462027392375|-1.34|0.22|0.06
1462027392396|-1.27|0.57|-0.25
1462027392418|-1.10|0.87|-0.40
1462027392437|-0.67|0.99|-0.19
1462027392461|-0.27|0.63|0.22
1462027392482|-0.18|0.19|0.51
1462027392503|-0.27|-0.08|0.69
1462027392524|-0.34|-0.26|0.82
1462027392546|-0.13|-0.19|0.55
1462027392566|0.22|0.05|0.01
1462027392586|0.62|0.34|-0.60
1462027392609|1.02|0.56|-0.95
1462027392630|1.32|0.64|-0.84
1462027392652|1.37|0.56|-0.44
1462027392673|1.12|0.47|-0.12
1462027392695|0.80|0.37|-0.09
1462027392715|0.54|0.43|-0.28
1462027392744|0.52|0.55|-0.54
1462027392765|0.52|0.65|-0.71
1462027392787|0.46|0.66|-0.75
1462027392806|0.36|0.59|-0.71
1462027392823|0.26|0.51|-0.69
1462027392846|0.08|0.46|-0.77
1462027392865|-0.10|0.41|-0.91
1462027392887|-0.17|0.42|-1.01
1462027392906|-0.28|0.44|-0.94
1462027392928|-0.38|0.47|-0.75
1462027392948|-0.36|0.52|-0.54
1462027392970|-0.28|0.58|-0.38
1462027392996|-0.10|0.58|-0.16
1462027392998|0.03|0.57|0.01
1462027393015|0.23|0.53|0.27
1462027393041|0.40|0.47|0.54
1462027393056|0.51|0.39|0.73
1462027393079|0.58|0.31|0.81
1462027393099|0.56|0.32|0.84
1462027393120|0.70|0.22|0.84
1462027393141|1.00|0.08|0.87
1462027393162|1.30|-0.13|0.98
1462027393186|1.34|-0.40|1.21
1462027393206|1.18|-0.63|1.45
1462027393228|0.88|-0.82|1.63
1462027393252|0.49|-0.92|1.68
1462027393271|0.17|-1.01|1.61
1462027393288|-0.08|-1.03|1.33
1462027393309|-0.35|-1.02|0.96
1462027393330|-0.64|-1.03|0.62
1462027393354|-0.96|-0.99|0.49
1462027393376|-0.97|-1.00|0.64
1462027393396|-0.80|-0.98|0.89
1462027393417|-0.61|-0.96|1.12
1462027393438|-0.53|-0.99|1.02
1462027393459|-0.55|-0.89|0.60
1462027393480|-0.56|-0.70|0.09
1462027393503|-0.52|-0.49|-0.36
1462027393524|-0.45|-0.26|-0.62
1462027393549|-0.29|-0.03|-0.64
1462027393568|-0.17|0.14|-0.47
1462027393588|-0.16|0.24|-0.22
1462027393610|-0.29|0.24|-0.06
1462027393633|-0.38|0.23|-0.04
1462027393654|-0.33|0.29|-0.13
1462027393676|-0.23|0.39|-0.34
1462027393697|-0.21|0.52|-0.61
1462027393717|-0.17|0.63|-0.89
1462027393740|-0.07|0.70|-1.15
1462027393764|0.16|0.74|-1.34
1462027393781|0.32|0.71|-1.46
1462027393803|0.31|0.59|-1.41
1462027393824|0.32|0.43|-1.14
1462027393845|0.25|0.28|-0.85
1462027393866|0.07|0.32|-0.67
1462027393888|-0.04|0.49|-0.60
1462027393909|0.12|0.75|-0.24
1462027393931|0.62|0.68|0.35
1462027393955|0.74|0.44|0.43
1462027393971|0.41|0.34|0.50
1462027393991|0.09|0.17|0.88
1462027394014|-0.08|-0.06|1.35
1462027394035|-0.25|-0.20|1.34
1462027394056|-0.42|-0.19|0.88
1462027394078|-0.40|-0.20|0.56
1462027394099|-0.24|-0.26|0.42
1462027394121|-0.11|-0.35|0.34
1462027394143|-0.08|-0.44|0.24
1462027394163|-0.12|-0.51|0.02
1462027394184|-0.21|-0.51|-0.35
1462027394206|-0.23|-0.47|-0.72
1462027394227|-0.12|-0.35|-0.97
1462027394247|0.06|-0.21|-1.14
1462027394270|0.19|-0.06|-1.19
1462027394290|0.16|0.09|-1.07
1462027394312|0.04|0.18|-0.89
1462027394335|0.00|0.30|-0.71
1462027394357|0.15|0.42|-0.60
1462027394377|0.32|0.52|-0.51
1462027394399|0.49|0.55|-0.33
1462027394420|0.60|0.54|-0.02
1462027394440|0.67|0.57|0.34
1462027394462|0.60|0.66|0.62
1462027394483|0.60|0.68|0.77
1462027394505|0.69|0.53|0.89
1462027394527|0.46|0.34|1.09
1462027394547|0.05|0.15|1.29
1462027394568|-0.14|0.06|1.30
1462027394591|-0.15|0.16|1.21
1462027394612|-0.18|0.22|1.08
1462027394634|-0.36|0.15|0.96
1462027394655|-0.53|0.08|0.67
1462027394676|-0.58|0.07|0.22
1462027394697|-0.60|0.07|-0.13
1462027394719|-0.56|-0.00|-0.15
1462027394739|-0.60|-0.15|0.01
1462027394760|-0.74|-0.35|0.11
1462027394782|-0.80|-0.46|0.03
1462027394804|-0.76|-0.45|-0.12
1462027394824|-0.69|-0.38|-0.19
1462027394844|-0.67|-0.35|-0.19
1462027394867|-0.70|-0.31|-0.24
1462027394887|-0.61|-0.22|-0.32
1462027394911|-0.38|-0.10|-0.42
1462027394930|-0.17|0.04|-0.57
1462027394956|-0.05|0.21|-0.80
1462027394975|0.02|0.37|-1.00
1462027394992|0.12|0.52|-1.11
1462027395013|0.25|0.67|-1.13
1462027395036|0.39|0.74|-1.12
1462027395056|0.51|0.74|-1.11
1462027395079|0.62|0.72|-0.99
1462027395102|0.53|0.74|-0.85
1462027395121|0.38|0.71|-0.68
1462027395143|0.31|0.58|-0.32
1462027395165|0.37|0.34|0.24
1462027395186|0.43|0.01|0.84
1462027395208|0.40|-0.29|1.34
1462027395231|0.37|-0.44|1.67
1462027395250|0.37|-0.53|1.71
1462027395270|0.39|-0.53|1.41
1462027395292|0.58|-0.44|0.91
1462027395312|0.88|-0.36|0.53
1462027395335|1.11|-0.31|0.37
1462027395356|1.00|-0.32|0.31
1462027395376|0.64|-0.40|0.16
1462027395398|0.23|-0.44|-0.20
1462027395424|-0.07|-0.40|-0.57
1462027395444|-0.20|-0.34|-0.78
1462027395466|-0.34|-0.31|-0.81
1462027395488|-0.51|-0.27|-0.84
1462027395506|-0.63|-0.24|-0.87
1462027395528|-0.64|-0.18|-0.88
1462027395551|-0.51|-0.10|-0.76
1462027395571|-0.43|-0.03|-0.60
1462027395592|-0.41|0.07|-0.47
1462027395614|-0.37|0.20|-0.39
1462027395634|-0.29|0.37|-0.35
1462027395657|-0.14|0.53|-0.31
1462027395678|0.04|0.65|-0.25
1462027395698|0.20|0.70|-0.17
1462027395718|0.34|0.70|-0.07
1462027395742|0.38|0.64|-0.00
1462027395763|0.14|0.64|-0.11
1462027395782|-0.24|0.66|-0.29
1462027395806|-0.42|0.57|-0.38
1462027395827|-0.41|0.39|-0.15
1462027395848|-0.30|0.13|0.52
1462027395874|-0.20|-0.34|1.35
1462027395891|-0.36|-0.67|1.80
1462027395912|-0.57|-0.83|1.73
1462027395936|-0.60|-0.79|1.37
1462027395959|-0.54|-0.66|0.97
1462027395978|-0.32|-0.58|0.79
1462027395997|0.04|-0.53|0.82
1462027396018|0.37|-0.44|0.85
1462027396038|0.52|-0.37|0.83
1462027396063|0.42|-0.39|0.69
1462027396085|0.23|-0.41|0.51
1462027396104|-0.00|-0.39|0.21
1462027396126|-0.16|-0.35|-0.20
1462027396146|-0.24|-0.21|-0.64
1462027396166|-0.20|-0.07|-1.06
1462027396189|-0.12|0.12|-1.35
1462027396212|-0.13|0.28|-1.42
1462027396231|-0.20|0.34|-1.28
1462027396255|-0.24|0.40|-0.99
1462027396276|-0.19|0.47|-0.71
1462027396297|-0.10|0.55|-0.44
1462027396320|-0.14|0.60|-0.23
1462027396343|-0.23|0.62|-0.09
1462027396362|-0.29|0.61|0.06
1462027396384|-0.24|0.59|0.26
1462027396405|-0.12|0.61|0.46
1462027396427|-0.01|0.67|0.49
1462027396448|0.01|0.72|0.36
1462027396468|0.09|0.64|0.22
1462027396493|0.21|0.51|0.06
1462027396513|0.30|0.38|-0.01
1462027396534|0.44|0.23|0.18
1462027396556|0.57|-0.04|0.55
1462027396582|0.56|-0.26|0.89
1462027396599|0.55|-0.46|1.05
1462027396618|0.56|-0.56|1.00
1462027396642|0.62|-0.61|0.70
1462027396664|0.68|-0.59|0.36
1462027396682|0.77|-0.53|0.14
1462027396704|0.81|-0.44|0.06
1462027396724|0.73|-0.38|-0.01
1462027396745|0.49|-0.34|-0.31
1462027396767|0.23|-0.27|-0.70
1462027396788|0.02|-0.16|-1.03
1462027396814|-0.10|-0.08|-1.11
1462027396833|-0.22|-0.01|-1.05
1462027396854|-0.30|0.08|-0.93
1462027396874|-0.40|0.16|-0.81
1462027396896|-0.58|0.19|-0.70
1462027396919|-0.73|0.20|-0.57
1462027396940|-0.82|0.20|-0.47
1462027396962|-0.83|0.29|-0.33
1462027396986|-0.83|0.36|-0.21
1462027397007|-0.84|0.43|-0.16
1462027397025|-0.78|0.50|-0.10
1462027397045|-0.64|0.55|0.04
1462027397067|-0.44|0.59|0.30
1462027397089|-0.27|0.63|0.53
1462027397110|-0.26|0.75|0.68
1462027397133|-0.17|0.79|0.54
1462027397154|-0.11|0.90|0.30
1462027397178|0.05|0.76|0.21
1462027397196|0.19|0.40|0.47
1462027397219|0.24|-0.10|0.83
1462027397239|0.11|-0.45|1.05
1462027397261|-0.05|-0.71|0.89
1462027397280|-0.27|-0.71|0.52
1462027397303|-0.36|-0.60|0.05
1462027397325|-0.37|-0.51|-0.32
1462027397345|-0.18|-0.50|-0.52
1462027397365|0.17|-0.46|-0.58
1462027397388|0.53|-0.41|-0.51
1462027397410|0.66|-0.45|-0.24
1462027397428|0.46|-0.56|0.05
1462027397450|0.04|-0.65|0.24
1462027397474|-0.32|-0.71|0.23
1462027397494|-0.41|-0.63|0.02
1462027397513|-0.37|-0.46|-0.26
1462027397537|-0.33|-0.28|-0.49
1462027397557|-0.33|-0.14|-0.57
1462027397579|-0.36|-0.08|-0.47
1462027397604|-0.35|-0.03|-0.25
1462027397621|-0.27|0.05|-0.13
1462027397641|-0.19|0.17|-0.13
1462027397664|-0.09|0.28|-0.13
1462027397686|-0.05|0.36|-0.04
1462027397707|0.02|0.38|0.15
1462027397729|0.10|0.38|0.35
1462027397750|0.19|0.37|0.49
1462027397768|0.26|0.39|0.55
1462027397792|0.27|0.47|0.51
1462027397814|0.28|0.53|0.44
1462027397836|0.34|0.46|0.31
1462027397857|0.29|0.36|0.25
1462027397877|0.20|0.23|0.25
1462027397898|0.18|0.07|0.27
1462027397923|0.30|-0.02|0.33
1462027397945|0.42|-0.15|0.42
1462027397965|0.35|-0.23|0.40
1462027397986|0.19|-0.25|0.12
1462027398008|0.17|-0.27|-0.28
1462027398030|0.28|-0.28|-0.70
1462027398049|0.36|-0.26|-0.92
1462027398075|0.44|-0.29|-0.76
1462027398092|0.33|-0.44|-0.41
1462027398114|0.07|-0.52|-0.16
1462027398136|-0.12|-0.52|-0.05
1462027398155|-0.09|-0.46|-0.10
1462027398178|0.12|-0.33|-0.31
1462027398199|0.23|-0.21|-0.54
1462027398218|0.19|-0.13|-0.67
1462027398240|0.08|-0.10|-0.68
1462027398263|-0.05|-0.04|-0.74
1462027398283|-0.10|0.09|-0.76
1462027398306|-0.10|0.20|-0.71
1462027398327|-0.23|0.31|-0.56
1462027398348|-0.43|0.40|-0.38
1462027398370|-0.56|0.48|-0.18
1462027398390|-0.57|0.56|0.08
1462027398412|-0.49|0.58|0.41
1462027398434|-0.44|0.57|0.75
1462027398454|-0.60|0.61|0.90
1462027398475|-0.80|0.67|0.85
1462027398497|-0.79|0.65|0.77
1462027398518|-0.68|0.49|0.98
1462027398540|-0.49|0.16|1.44
1462027398563|-0.38|-0.22|1.83
1462027398584|-0.39|-0.56|1.89
1462027398604|-0.53|-0.73|1.55
1462027398626|-0.66|-0.77|1.16
1462027398646|-0.75|-0.78|0.86
1462027398674|-0.44|-0.87|0.64
1462027398689|-0.19|-0.88|0.36
1462027398711|0.05|-0.83|0.02
1462027398735|0.26|-0.64|-0.30
1462027398756|0.42|-0.44|-0.46
1462027398774|0.45|-0.31|-0.47
1462027398797|0.38|-0.20|-0.54
1462027398820|0.36|-0.08|-0.73
1462027398840|0.41|0.03|-0.93
1462027398860|0.47|0.12|-0.98
1462027398883|0.44|0.15|-0.89
1462027398906|0.31|0.14|-0.74
1462027398924|0.17|0.13|-0.67
1462027398947|0.10|0.19|-0.67
1462027398972|0.07|0.26|-0.63
1462027398988|0.02|0.31|-0.50
1462027399009|-0.01|0.34|-0.28
1462027399030|0.04|0.32|-0.01
1462027399051|0.16|0.31|0.26
1462027399075|0.20|0.37|0.37
1462027399094|0.10|0.45|0.33
1462027399116|0.11|0.42|0.29
1462027399138|0.34|0.33|0.53
1462027399159|0.53|0.09|0.94
1462027399178|0.58|-0.21|1.49
1462027399203|0.62|-0.53|2.11
1462027399223|0.75|-0.72|2.42
1462027399244|0.86|-0.78|2.20
1462027399267|0.86|-0.70|1.44
1462027399286|0.83|-0.54|0.42
1462027399309|0.60|-0.38|-0.52
1462027399332|0.30|-0.30|-0.93
1462027399355|0.07|-0.30|-0.94
1462027399375|-0.05|-0.24|-0.78
1462027399398|-0.04|-0.15|-0.71
1462027399417|0.03|-0.04|-0.71
1462027399437|-0.01|0.06|-0.81
1462027399462|-0.13|0.15|-0.94
1462027399480|-0.23|0.23|-1.10
1462027399501|-0.27|0.30|-1.21
1462027399525|-0.24|0.37|-1.14
1462027399546|-0.24|0.37|-0.94
1462027399566|-0.33|0.38|-0.78
1462027399588|-0.42|0.38|-0.69
1462027399610|-0.43|0.36|-0.59
1462027399630|-0.27|0.45|-0.31
1462027399652|0.06|0.57|0.08
1462027399673|0.43|0.61|0.37
1462027399694|0.63|0.59|0.35
1462027399715|0.48|0.63|0.12
1462027399736|0.01|0.70|-0.08
1462027399762|-0.38|0.72|-0.11
1462027399779|-0.56|0.67|0.01
1462027399798|-0.57|0.49|0.27
1462027399818|-0.51|0.13|0.75
1462027399843|-0.56|-0.23|1.20
1462027399865|-0.74|-0.51|1.41
1462027399885|-0.85|-0.68|1.54
1462027399907|-1.00|-0.69|1.03
1462027399928|-1.09|-0.63|0.53
1462027399948|-1.06|-0.63|0.15
1462027399971|-0.84|-0.64|-0.02
1462027399995|-0.41|-0.62|0.00
1462027400013|0.10|-0.54|0.14
1462027400034|0.54|-0.44|0.31
1462027400055|0.76|-0.42|0.40
1462027400077|0.56|-0.47|0.22
1462027400098|0.27|-0.52|-0.09
1462027400118|0.02|-0.52|-0.39
1462027400143|-0.05|-0.42|-0.53
1462027400162|0.04|-0.29|-0.51
1462027400182|0.07|-0.16|-0.45
1462027400203|0.02|-0.06|-0.39
1462027400226|-0.06|0.01|-0.35
1462027400248|-0.12|0.10|-0.31
1462027400268|-0.13|0.21|-0.20
1462027400292|-0.01|0.28|0.04
1462027400312|0.11|0.32|0.33
1462027400332|0.22|0.28|0.62
1462027400355|0.37|0.24|0.84
1462027400375|0.47|0.29|0.94
1462027400396|0.49|0.41|0.84
1462027400419|0.58|0.47|0.65
1462027400438|0.65|0.52|0.51
1462027400460|0.65|0.46|0.53
1462027400483|0.50|0.32|0.62
1462027400502|0.29|0.21|0.55
1462027400523|0.14|0.16|0.37
1462027400546|0.11|0.14|0.15
1462027400568|0.12|0.07|-0.02
1462027400588|-0.03|-0.06|-0.08
1462027400610|-0.19|-0.22|-0.04
1462027400634|-0.25|-0.32|0.10
1462027400652|-0.23|-0.36|0.17
1462027400676|-0.26|-0.33|0.11
1462027400696|-0.46|-0.33|-0.06
1462027400716|-0.75|-0.37|-0.39
1462027400738|-0.94|-0.27|-0.78
1462027400758|-0.93|-0.16|-1.06
1462027400780|-0.77|-0.05|-1.19
1462027400803|-0.65|0.01|-1.14
1462027400822|-0.65|-0.02|-0.93
1462027400844|-0.62|-0.07|-0.64
1462027400866|-0.50|-0.06|-0.44
1462027400887|-0.31|0.07|-0.35
1462027400907|-0.06|0.23|-0.28
1462027400930|0.09|0.41|-0.20
1462027400951|0.13|0.55|-0.02
1462027400972|0.22|0.64|0.22
1462027400994|0.40|0.72|0.39
1462027401014|0.59|0.77|0.40
1462027401035|0.53|0.78|0.29
1462027401058|0.17|0.76|0.13
1462027401077|-0.28|0.72|0.04
1462027401098|-0.54|0.66|0.14
1462027401120|-0.45|0.46|0.57
1462027401141|-0.30|0.14|1.01
1462027401166|-0.32|-0.25|1.22
1462027401186|-0.55|-0.59|1.11
1462027401205|-0.82|-0.86|0.72
1462027401225|-1.04|-0.93|0.26
1462027401247|-1.08|-0.93|-0.08
1462027401268|-1.04|-0.91|-0.29
1462027401288|-0.86|-0.98|-0.43
1462027401310|-0.55|-0.99|-0.45
1462027401330|-0.15|-0.96|-0.31
1462027401353|0.10|-0.93|-0.09
1462027401375|0.19|-0.93|0.09
1462027401395|0.23|-0.87|0.23
1462027401416|0.35|-0.74|0.20
1462027401440|0.56|-0.45|-0.00
1462027401460|0.65|-0.17|-0.17
1462027401480|0.63|-0.04|-0.21
1462027401503|0.60|-0.02|-0.16
1462027401525|0.56|0.05|-0.19
1462027401545|0.63|0.19|-0.03
1462027401568|0.62|0.59|-0.28
1462027401589|0.74|0.69|-0.43
1462027401609|0.78|0.52|-0.43
1462027401632|0.71|0.10|0.11
1462027401652|0.66|-0.19|0.69
1462027401674|0.69|-0.15|1.00
1462027401695|0.77|-0.13|1.04
1462027401716|0.71|-0.15|1.03
1462027401736|0.49|-0.21|1.17
1462027401758|0.40|-0.37|1.34
1462027401778|0.60|-0.50|1.37
1462027401799|0.86|-0.62|1.32
1462027401823|0.85|-0.69|1.34
1462027401845|0.67|-0.75|1.22
1462027401865|0.45|-0.67|0.70
1462027401886|0.33|-0.42|-0.03
1462027401907|0.08|-0.25|-0.55
1462027401931|-0.06|-0.30|-0.55
1462027401951|-0.13|-0.37|-0.51
1462027401971|-0.18|-0.30|-0.56
1462027401993|-0.20|-0.23|-0.70
1462027402014|-0.34|-0.10|-0.92
1462027402034|-0.52|0.00|-1.00
1462027402056|-0.61|0.05|-0.97
1462027402077|-0.53|0.10|-0.84
1462027402097|-0.35|0.21|-0.72
1462027402119|-0.13|0.31|-0.69
1462027402142|0.02|0.47|-0.74
1462027402164|0.12|0.58|-0.80
1462027402183|0.16|0.63|-0.83
1462027402207|0.16|0.66|-0.71
1462027402228|0.22|0.73|-0.53
1462027402248|0.35|0.84|-0.37
1462027402270|0.53|0.98|-0.29
1462027402291|0.73|1.10|-0.16
1462027402314|0.90|1.10|0.16
1462027402335|0.99|0.99|0.32
1462027402355|0.74|1.02|0.16
1462027402375|0.49|1.06|-0.15
1462027402398|0.28|1.01|0.02
1462027402417|0.23|0.64|0.59
1462027402439|0.24|0.11|1.23
1462027402462|0.13|-0.40|1.55
1462027402482|-0.10|-0.69|1.41
1462027402503|-0.38|-0.71|0.94
1462027402526|-0.67|-0.65|0.51
1462027402546|-0.88|-0.61|0.29
1462027402568|-0.96|-0.58|0.16
1462027402592|-0.79|-0.53|-0.01
1462027402611|-0.56|-0.43|-0.13
1462027402634|-0.31|-0.41|-0.10
1462027402655|-0.15|-0.45|0.01
1462027402676|-0.12|-0.54|-0.00
1462027402697|-0.19|-0.55|-0.16
1462027402718|-0.22|-0.44|-0.45
1462027402740|-0.17|-0.29|-0.69
1462027402762|-0.08|-0.16|-0.86
1462027402785|-0.06|-0.06|-0.89
1462027402804|-0.08|0.02|-0.79
1462027402824|-0.09|0.13|-0.58
1462027402847|-0.05|0.28|-0.41
1462027402869|0.03|0.46|-0.26
1462027402889|0.14|0.62|-0.18
1462027402913|0.24|0.73|-0.03
1462027402934|0.36|0.75|0.19
1462027402953|0.49|0.70|0.50
1462027402976|0.54|0.66|0.63
1462027402997|0.43|0.73|0.52
1462027403018|0.44|0.82|0.27
1462027403040|0.61|0.84|0.34
1462027403060|0.93|0.73|0.68
1462027403082|1.26|0.43|1.12
1462027403104|1.34|-0.00|1.36
1462027403126|1.21|-0.42|1.15
1462027403146|0.82|-0.65|0.68
1462027403169|0.40|-0.68|0.04
1462027403189|0.22|-0.60|-0.55
1462027403211|0.26|-0.47|-0.80
1462027403234|0.27|-0.46|-0.66
1462027403255|0.14|-0.52|-0.40
1462027403276|-0.06|-0.58|-0.25
1462027403296|-0.28|-0.55|-0.22
1462027403317|-0.35|-0.43|-0.29
1462027403340|-0.35|-0.22|-0.47
1462027403364|-0.34|0.01|-0.75
1462027403383|-0.32|0.16|-0.94
1462027403404|-0.32|0.26|-0.96
1462027403425|-0.29|0.34|-0.84
1462027403444|-0.21|0.45|-0.69
1462027403466|-0.11|0.54|-0.58
1462027403488|-0.10|0.61|-0.53
1462027403510|-0.17|0.67|-0.54
1462027403529|-0.24|0.74|-0.44
1462027403553|-0.24|0.79|-0.18
1462027403574|-0.17|0.80|0.13
1462027403594|-0.04|0.78|0.40
1462027403617|-0.22|0.84|0.44
1462027403637|-0.33|0.90|0.42
1462027403659|-0.29|0.97|0.52
1462027403682|-0.11|0.78|0.72
1462027403702|-0.21|0.41|1.08
1462027403723|-0.51|0.09|1.13
1462027403745|-0.70|-0.22|0.91
1462027403766|-0.88|-0.53|0.73
1462027403786|-0.95|-0.69|0.22
1462027403808|-0.92|-0.65|-0.34
